frequency_hz,s11_mag,s11_db,s11_phase_deg,s21_mag,s21_db,s21_phase_deg,s12_mag,s12_db,s12_phase_deg,s22_mag,s22_db,s22_phase_deg
4000000000.0,0.9413611496363693,-0.5248745834459985,-0.7515950263096842,0.2591523928560973,-11.72889553587921,0.8749001621957782,0.2591523928560973,-11.72889553587921,0.8749001621957782,0.9435477750049877,-0.5047221029698908,-0.6146140524874325
4006006006.0060062,0.9402018407379011,-0.5355780576047496,-0.7711763331438992,0.262421870813278,-11.619999454700203,0.8564538637715219,0.262421870813278,-11.619999454700203,0.8564538637715219,0.9423861765770195,-0.5154218594661275,-0.6322154439982488
4012012012.012012,0.9390250259951327,-0.5464566635860127,-0.7908927222908693,0.2657096180039359,-11.511854499266319,0.8378775158406545,0.2657096180039359,-11.511854499266319,0.8378775158406545,0.9412076097297775,-0.5262914036072994,-0.6499363394316745
4018018018.0180182,0.9378310548346096,-0.5575078072898341,-0.8107437617461772,0.2690145593436183,-11.404484297982645,0.8191713267998721,0.2690145593436183,-11.404484297982645,0.8191713267998721,0.9400123889673347,-0.5373284508848842,-0.667776869622342
4024024024.024024,0.9366203066868293,-0.5687286119151518,-0.8307289445543562,0.2723355685491519,-11.297912673322994,0.800335578114776,0.2723355685491519,-11.297912673322994,0.800335578114776,0.9388008544339662,-0.5485304761474731,-0.6857371254311739
4030030030.0300303,0.9353931915619779,-0.5801159102271043,-0.8508476868743245,0.2756714679803278,-11.192163621658866,0.7813706260769085,0.2756714679803278,-11.192163621658866,0.7813706260769085,0.9375733724485563,-0.559894706615074,-0.7038171564451038
4036036036.036036,0.9341501505764959,-0.5916662371579241,-0.8710993260906063,0.2790210286045359,-11.087261292036226,0.7622769034802173,0.2790210286045359,-11.087261292036226,0.7622769034802173,0.9363303360092327,-0.5714181150623112,-0.7220169696751437
4042042042.0420423,0.9328916564260451,-0.6033758227874516,-0.8914831189772618,0.2823829700908477,-10.983229963919264,0.7430549212081817,0.2823829700908477,-10.983229963919264,0.7430549212081817,0.9350721652651773,-0.5830974132013533,-0.7403365282550778
4048048048.048048,0.9316182138004327,-0.6152405857506299,-0.9119982399214189,0.2857559610397064,-10.880094023927576,0.7237052697228987,0.2857559610397064,-10.880094023927576,0.7237052697228987,0.9337993079525405,-0.5949290452964693,-0.7587757501429322
4054054054.0540543,0.9303303597360866,-0.6272561271202236,-0.9326437792136176,0.2891386193540576,-10.777877941598373,0.7042286204474182,0.2891386193540576,-10.777877941598373,0.7042286204474182,0.9325122397913123,-0.6069091820436044,-0.7773345068275916
4060060060.06006,0.9290286639016804,-0.6394177248142302,-0.9534187414123699,0.2925295127573465,-10.676606244211298,0.684625727032626,0.2925295127573465,-10.676606244211298,0.684625727032626,0.9312114648399988,-0.6190337147493605,-0.7960126220430834
4066066066.0660663,0.9277137288126172,-0.6517203285777516,-0.9743220437904548,0.2959271594633181,-10.576303490719983,0.6648974265001413,0.2959271594633181,-10.576303490719983,0.6648974265001413,0.9298975158048934,-0.6312982498452229,-0.8148098704930824
4072072072.072072,0.9263861899701409,-0.6641585555898408,-0.9953525148705711,0.2993300290020207,-10.476994244840675,0.6450446402529173,0.2993300290020207,-10.476994244840675,0.6450446402529173,0.928570954300758,-0.6436981037736078,-0.8337259765883411
4078078078.0780783,0.9250467159210137,-0.6767266867456346,-1.016508893058201,0.3027365432058148,-10.378703047354417,0.6250683749453366,0.3027365432058148,-10.378703047354417,0.6250683749453366,0.9272323710597197,-0.656228298283429,-0.8527606131999003
4084084084.084084,0.9236960082338458,-0.6894186636640344,-1.0377898253795128,0.3061450773585315,-10.281454387685265,0.6049697232051063,0.3061450773585315,-10.281454387685265,0.6049697232051063,0.9258823860851915,-0.6688835561738602,-0.8719134004310032
4090090090.0900903,0.9223348013883563,-0.7022280864707422,-1.059193866332195,0.3095539615101741,-10.185272674824155,0.5847498641994803,0.3095539615101741,-10.185272674824155,0.5847498641994803,0.9245216487477279,-0.6816582975250668,-0.8911839044107391
4096096096.096096,0.9209638625741089,-0.715148212405309,-1.0807194768572248,0.31296148195881485,-10.090182207672713,0.5644100640388593,0.31296148195881485,-10.090182207672713,0.5644100640388593,0.9231508378196893,-0.6945466364561039,-0.910571636112624
4102102102.1021023,0.9195839913954805,-0.7281719553000904,-1.1023650234394666,0.3163658829004808,-9.996207144888063,0.5439516760113222,0.3163658829004808,-9.996207144888063,0.5439516760113222,0.9217706614457496,-0.707542378449718,-0.9300760502013821
4108108108.108108,0.9181960194800055,-0.7412918859766503,-1.1241287773449424,0.31976536824693824,-9.903371474315248,0.523376140642283,0.31976536824693824,-9.903371474315248,0.523376140642283,0.9203818570463234,-0.720639018284476,-0.9496965439112419
4114114114.1141143,0.9168008099874801,-0.7545002336040006,-1.1460089140026897,0.3231581036103981,-9.811698982098157,0.5026849855739624,0.3231581036103981,-9.811698982098157,0.5026849855739624,0.9189851911511144,-0.73382973861451,-0.9694324559593568
4120120120.12012,0.9153992570176637,-0.767788888059895,-1.1680035125386945,0.3265422184531554,-9.72121322156605,0.48187982526034706,0.3265422184531554,-9.72121322156605,0.48187982526034706,0.9175814591601285,-0.747107409236855,-0.9892830654977594
4126126126.1261263,0.9139922849147734,-0.7811494033339348,-1.1901105554695748,0.3299158083992452,-9.631937481995697,0.46096236047380595,0.3299158083992452,-9.631937481995697,0.46096236047380595,0.9161714850296295,-0.760464587086065,-1.0092475911076877
4132132132.132132,0.9125808474674145,-0.7945730020078973,-1.2123279285631081,0.3332769377041362,-9.543894757354433,0.43993437762061205,0.3332769377041362,-9.543894757354433,0.43993437762061205,0.9147561208807136,-0.7738935169949103,-1.0293251898398725
4138138138.1381383,0.9111659270030508,-0.8080505808449978,-1.2346534208728004,0.3366236418775248,-9.457107715131073,0.4187977478632981,0.3366236418775248,-9.457107715131073,0.4187977478632981,0.9133362465283371,-0.7873861332592752,-1.0495149563047792
4144144144.144144,0.909748533376616,-0.8215727175156305,-1.2570847249529984,0.339953930453213,-9.371598665365932,0.39755442604895536,0.339953930453213,-9.371598665365932,0.39755442604895536,0.9119127689288878,-0.8009340620438508,-1.069815921816545
4150150150.1501503,0.9083297028533661,-0.8351296784827912,-1.2796194372610497,0.34326578989909423,-9.287389529991628,0.37620644944328385,0.34326578989909423,-9.287389529991628,0.37620644944328385,0.910486621544587,-0.8145286246640076,-1.0902270535947098
4156156156.156156,0.9069104968866196,-0.8487114280653221,-1.3022550587523014,0.3465571866592405,-9.204501812598641,0.3547559362714907,0.3465571866592405,-9.204501812598641,0.3547559362714907,0.9090587636232821,-0.8281608417773351,-1.1107472540276333
4162162162.1621623,0.9054920007915864,-0.8623076386918506,-1.3249889956734917,0.34982607031914154,-9.122956568739275,0.3332050840679439,0.34982607031914154,-9.122956568739275,0.3332050840679439,0.9076301793924878,-0.8418214385159938,-1.1313753600017489
4168168168.168168,0.9040753223170335,-0.8759077023528216,-1.3478185605594177,0.35307037688421705,-9.042774376883559,0.3115561678377087,0.35307037688421705,-9.042774376883559,0.3115561678377087,0.9062018771667407,-0.8555008505894799,-1.1521101423006372
4174174174.1741743,0.9026615901171262,-0.8895007432519157,-1.370740973437298,0.356288032160837,-8.963975310139489,0.28981153803402476,0.356288032160837,-8.963975310139489,0.28981153803402476,0.9047748883677775,-0.8691892313834075,-1.1729503050780816
4180180180.18018,0.9012519521263608,-0.9030756316519378,-1.3937533632425465,0.3594769552282843,-8.886578908847637,0.26797361835698663,0.3594769552282843,-8.886578908847637,0.26797361835698663,0.9033502664572439,-0.8828764600781741,-1.1938944854090985
4186186186.1861863,0.8998475738410755,-0.9166209989038157,-1.4168527694491084,0.362635061989342,-8.81060415415732,0.2460449033795663,0.362635061989342,-8.81060415415732,0.2460449033795663,0.9019290857820599,-0.8965521508073216,-1.214941252923083
4192192192.192192,0.8984496365116045,-0.930125253640668,-1.440036143916724,0.3657602687865207,-8.736069442687723,0.22402795600825506,0.3657602687865207,-8.736069442687723,0.22402795600825506,0.9005124403329079,-0.910205662871947,-1.2360891095230433
4198198198.1981983,0.897059335249713,-0.9435765991119096,-1.4633003529566952,0.3688504960703649,-8.662992562372722,0.20192540478660478,0.3688504960703649,-8.662992562372722,0.20192540478660478,0.8991014424166662,-0.9238261120237137,-1.257336489194864
4204204204.204204,0.8956778770564766,-0.956963051625682,-1.486642179617053,0.3719036721057986,-8.591390669582474,0.1797399410507766,0.3719036721057986,-8.591390669582474,0.1797399410507766,0.8976972212440185,-0.9374023828245184,-1.278681757910529
4210210210.2102103,0.8943064787763366,-0.9702724600604629,-1.5100583261870526,0.3749177367020897,-8.521280267608716,0.1574743159471948,0.3749177367020897,-8.521280267608716,0.1574743159471948,0.8963009214338142,-0.9509231420868024,-1.3001232136290468
4216216216.216216,0.8929463649835119,-0.9834925264002894,-1.5335454169200633,0.3778906449517318,-8.452677186593831,0.13513133732324142,0.3778906449517318,-8.452677186593831,0.13513133732324142,0.894913701436214,-0.9643768533931013,-1.3216590863987157
4222222222.2222223,0.8915987658074787,-0.9966108272404974,-1.5571000009730736,0.38082037096340415,-8.385596564975526,0.1127138665025679,0.38082037096340415,-8.385596564975526,0.1127138665025679,0.893536731876993,-0.9777517926889879,-1.3432875385642717
4228228228.228228,0.8902649147046267,-1.009614836204527,-1.580718555559999,0.3837049115741058,-8.320052832511156,0.0902248149574011,0.3837049115741058,-8.320052832511156,0.0902248149574011,0.8921711938258174,-0.9910360649379333,-1.3650066650822068
4234234234.2342343,0.8889460461836031,-1.0224919472056757,-1.6043974893150612,0.3865422900256452,-8.256059694936512,0.06766714089070304,0.3865422900256452,-8.256059694936512,0.06766714089070304,0.8908182769917068,-1.0042176218211618,-1.3868144939474207
4240240240.24024,0.8876433934922326,-1.0352294984811605,-1.6281331458614474,0.3893305595908471,-8.193630120304697,0.04504384574161529,0.3893305595908471,-8.193630120304697,0.04504384574161529,0.8894791778492769,-1.017284280460132,-1.408708986734032
4246246246.2462463,0.8863581862741703,-1.047814797320201,-1.651921807579598,0.3920678071351598,-8.132776327040583,0.02235797062789083,0.3920678071351598,-8.132776327040583,0.02235797062789083,0.8881550976997771,-1.030223743133213,-1.4306880392530925
4252252252.252252,0.8850916482037239,-1.060235145401995,-1.6757596995682047,0.39475215659973245,-8.073509773736994,-0.00038740726056514995,0.39475215659973245,-8.073509773736994,-0.00038740726056514995,0.8868472406713118,-1.0430236179523296,-1.4527494823294165
4258258258.2582583,0.8838449946074767,-1.072477864654376,-1.6996429937903432,0.3973817723925937,-8.015841150707567,-0.023189178302952747,0.3973817723925937,-8.015841150707567,-0.023189178302952747,0.8855568116630019,-1.0556714404594534,-1.4748910826997295
4264264264.264264,0.8826194300814479,-1.0845303235396475,-1.723567813395737,0.39995486267514846,-7.959780373301837,-0.04604420410923358,0.39995486267514846,-7.959780373301837,-0.04604420410923358,0.8842850142382321,-1.0681546960965167,-1.49711054403365
4270270270.2702703,0.8814161461126597,-1.0963799636695775,-1.7475302372095591,0.40246968253195753,-7.905336576977081,-0.06894932118813997,0.40246968253195753,-7.905336576977081,-0.06894932118813997,0.8830330484724583,-1.0804608434964962,-1.5194055080789837
4276276276.276276,0.8802363187139619,-1.1080143266484723,-1.7715263043768728,0.40492453701255016,-7.85251811411163,-0.09190134460738617,0.40492453701255016,-7.85251811411163,-0.09190134460738617,0.8818021087613668,-1.0925773385375357,-1.5417735559321275
4282282282.2822824,0.8790811060809212,-1.119421081040556,-1.7955520191511232,0.4073177840349097,-7.8013325525341335,-0.11489707163244538,0.4073177840349097,-7.8013325525341335,-0.11489707163244538,0.8805933815955308,-1.1044916590956453,-1.5642122094341655
4288288288.288288,0.8779516462795103,-1.1305880493555036,-1.8196033558139912,0.4096478371412101,-7.75178667573371,-0.13793328533048613,0.4096478371412101,-7.75178667573371,-0.13793328533048613,0.8794080433079241,-1.1161913304264803,-1.5867189326926494
4294294294.2942944,0.8768490549731136,-1.141503234945225,-1.8436762637132085,0.4119131680973784,-7.703886484706686,-0.16100675812667425,0.4119131680973784,-7.703886484706686,-0.16100675812667425,0.8782472578009837,-1.1276639511004116,-1.609291133728654
4300300300.300301,0.8757744231972029,-1.1521548487038378,-1.8677666724039714,0.41411230932910464,-7.657637201386716,-0.18411425530050127,0.41411230932910464,-7.657637201386716,-0.18411425530050127,0.8771121742600907,-1.1388972194103522,-1.6319261662481346
4306306306.306306,0.8747288151897078,-1.1625313354634663,-1.8918704968790028,0.416243856187985,-7.613043273597041,-0.2072525384106563,0.416243856187985,-7.613043273597041,-0.2072525384106563,0.8760039248605489,-1.1498789601666939,-1.6546213315361922
4312312312.312312,0.8737132662847653,-1.172621399979538,-1.9159836428715045,0.41830646904257734,-7.570108381455985,-0.23041836863758353,0.41830646904257734,-7.570108381455985,-0.23041836863758353,0.8749236224753406,-1.1605971517887386,-1.6773738804722225
4318318318.318318,0.8727287808772078,-1.1824140324003898,-1.9401020122146353,0.4202988751902291,-7.528835445160369,-0.25360851003371737,0.4202988751902291,-7.528835445160369,-0.25360851003371737,0.8738723583910292,-1.1710399535981981,-1.7001810156633856
4324324324.324325,0.87177633046462,-1.191898533119464,-1.9642215082407335,0.422219870586651,-7.489226634064851,-0.2768197326723744,0.422219870586651,-7.489226634064851,-0.2768197326723744,0.8728512000392933,-1.1811957332163634,-1.7230398936933582
4330330330.33033,0.8708568517733956,-1.2010645369108313,-1.988338041202899,0.4240683213912463,-7.451283376970875,-0.30004881568713254,0.4240683213912463,-7.451283376970875,-0.30004881568713254,0.8718611887516631,-1.191053093962999,-1.7459476274826473
4336336336.336336,0.869971244974667,-1.2099020362531754,-2.0124475337013363,0.42584316532727673,-7.4150063735339184,-0.3232925501945789,0.42584316532727673,-7.4150063735339184,-0.3232925501945789,0.8709033375450352,-1.200600902152413,-1.7689012887562676
4342342342.342342,0.8691203719954494,-1.218401403751809,-2.036545926096469,0.4275434128569266,-7.380395606694813,-0.3465477420942693,0.4275434128569266,-7.380395606694813,-0.3465477420942693,0.8699786289455038,-1.2098283141802115,-1.7918979106139208
4348348348.348349,0.8683050549297506,-1.2265534135736667,-2.0606291818908256,0.4291681481723007,-7.347450356038055,-0.3698112147408862,0.4291681481723007,-7.347450356038055,-0.3698112147408862,0.8690880128580724,-1.2187248032918434,-1.814934490197378
4354354354.354355,0.8675260745538159,-1.234349261815899,-2.084693293061501,0.43071653000427346,-7.316169211978804,-0.3930798114845182,0.43071653000427346,-7.316169211978804,-0.3930798114845182,0.86823240448965,-1.2272801859238007,-1.8380079914490874
4360360360.36036,0.8667841689490862,-1.2417805857347535,-2.1087342853251294,0.43218779225195797,-7.286550090679251,-0.4163503980760984,0.43218779225195797,-7.286550090679251,-0.4163503980760984,0.8674126823326452,-1.235484647507638,-1.8611153479555742
4366366366.366366,0.8660800322357527,-1.2488394817689132,-2.1327482233174564,0.4335812444363245,-7.258590249595494,-0.4396198649360711,0.4335812444363245,-7.258590249595494,-0.4396198649360711,0.8666296862163121,-1.2433287676272844,-1.8842534658686698
4372372372.372373,0.865414313419292,-1.2555185222973346,-2.1567312156697724,0.4348962719821936,-7.2322863035569815,-0.4628851292852944,0.4348962719821936,-7.2322863035569815,-0.4628851292852944,0.8658842154327971,-1.2508035444212309,-1.9074192268970647
4378378378.378378,0.8647876153516305,-1.26181077108013,-2.1806794199649766,0.4361323363334536,-7.207634241282448,-0.48614313713828117,0.4361323363334536,-7.207634241282448,-0.48614313713828117,0.8651770269445936,-1.2579004181229752,-1.9306094913603324
4384384384.384384,0.8642004938080624,-1.267709797337816,-2.2045890475563943,0.4372889749068903,-7.184629442238907,-0.5093908651597111,0.4372889749068903,-7.184629442238907,-0.5093908651597111,0.8645088336798842,-1.2646112936351117,-1.9538211012970461
4390390390.39039,0.8636534566804219,-1.2732096884322244,-2.228456368233066,0.43836580089047394,-7.163266693753691,-0.5326253223860468,0.43836580089047394,-7.163266693753691,-0.5326253223860468,0.8638803029218945,-1.2709285620361537,-1.9770508836182674
4396396396.396397,0.8631469632864492,-1.2783050611200566,-2.2522777147158854,0.43936250289234297,-7.143540208293343,-0.5558435518149301,0.43936250289234297,-7.143540208293343,-0.5558435518149301,0.8632920547981037,-1.2768451209224405,-2.0002956532973477
4402402402.402403,0.8626814237947504,-1.282991071357694,-2.2760494869698626,0.4402788444470241,-7.125443640827771,-0.5790426318658692,0.4402788444470241,-7.125443640827771,-0.5790426318658692,0.8627446608747779,-1.2823543934921187,-2.0235522165867903
4408408408.408408,0.8622571987642387,-1.2872634226435087,-2.299768156318289,0.4411146633856555,-7.108970106203342,-0.6022196777161599,0.4411146633856555,-7.108970106203342,-0.6022196777161599,0.8622386428619085,-1.2874503462833227,-2.046817374252436
4414414414.414414,0.8618745987964748,-1.291118372891251,-2.3234302693460074,0.4418698710771544,-7.09411219645371,-0.625371842516998,0.4418698710771544,-7.09411219645371,-0.625371842516998,0.8617744714332463,-1.292127505484135,-2.0700879248154562
4420420420.420421,0.8615338842988952,-1.2945527398351864,-2.347032451579438,0.44254445154734606,-7.080861997983462,-0.648496318494832,0.44254445154734606,-7.080861997983462,-0.648496318494832,0.8613525651656733,-1.296380971738385,-2.093360667792064
4426426426.426426,0.8612352653564928,-1.2975639049747985,-2.3705714109325884,0.44313846048311833,-7.06921110856546,-0.671590337943857,0.44313846048311833,-7.06921110856546,-0.671590337943857,0.8609732896017219,-1.3002064333779795,-2.116632406921242
4432432432.432432,0.8609789017092179,-1.3001498160728153,-2.3940439409090644,0.44365202412863336,-7.059150654099233,-0.6946511741156957,0.44365202412863336,-7.059150654099233,-0.6946511741156957,0.8606369564386009,-1.3036001780195139,-2.139899953370497
4438438438.438438,0.8607649028320055,-1.3023089882270067,-2.41744692355139,0.44408533808054734,-7.0506713050843475,-0.7176761420126279,0.44408533808054734,-7.0506713050843475,-0.7176761420126279,0.8603438228465662,-1.3065591024710745,-2.163160128909824
4444444444.444445,0.8605933281141267,-1.3040405035412748,-2.440777332130238,0.44443866598907683,-7.04376329276899,-0.7406625990910803,0.44443866598907683,-7.04376329276899,-0.7406625990910803,0.8600940909190584,-1.30908072090242,-2.1864097690442934
4450450450.450451,0.8604641871343244,-1.305344009427024,-2.4640322335672984,0.44471233817158695,-7.038416424940618,-0.7636079458820783,0.44471233817158695,-7.038416424940618,-0.7636079458820783,0.8598879072564566,-1.3111631712408651,-2.209645726095733
4456456456.456456,0.8603774400280343,-1.3062197155703466,-2.487208790586902,0.4449067501451828,-7.03462010133194,-0.7865096265355073,0.4449067501451828,-7.03462010133194,-0.7865096265355073,0.8597253626848737,-1.3128052197629598,-2.232864872224381
4462462462.462462,0.8603329979428834,-1.3066683896045983,-2.510304263592782,0.44502236108456905,-7.032363328621756,-0.8093651292950185,0.44502236108456905,-7.032363328621756,-0.8093651292950185,0.8596064921108559,-1.3140062638614525,-2.256064102381658
4468468468.468469,0.8603307235785872,-1.3066913515314718,-2.5333160122675915,0.44505969221121233,-7.031634735016081,-0.8321719869102734,0.44505969221121233,-7.031634735016081,-0.8321719869102734,0.8595312745123882,-1.3147663329754378,-2.2792403371855947
4474474474.474475,0.8603704318073093,-1.3062904669369737,-2.556241496894271,0.44501932511957826,-7.032422584401038,-0.8549277769931944,0.44501932511957826,-7.032422584401038,-0.8549277769931944,0.8594996330660833,-1.3150860876807338,-2.3023905257109822
4480480480.48048,0.8604518903705969,-1.3054681390508223,-2.579078279399458,0.4449019000459668,-7.034714790064209,-0.8776301223245664,0.4449019000459668,-7.034714790064209,-0.8776301223245664,0.8595114354099608,-1.314966816946215,-2.3255116481867315
4486486486.486486,0.8605748206490147,-1.3042272997001103,-2.6018240241205692,0.4447081140852049,-7.038498927986378,-0.9002766911171874,0.4447081140852049,-7.038498927986378,-0.9002766911171874,0.8595664940407071,-1.3144104335708535,-2.348600718593556
4492492492.492493,0.8607388985006965,-1.302571399209432,-2.624476498299294,0.4444387193601935,-7.0437622497103245,-0.922865197241344,0.4444387193601935,-7.0437622497103245,-0.922865197241344,0.8596645668438565,-1.3134194678246467,-2.371654787155608
4498498498.498499,0.8609437551651299,-1.300504395300786,-2.647033572305619,0.44409452114905296,-7.050491694797642,-0.9453934004181961,0.44409452114905296,-7.050491694797642,-0.9453934004181961,0.8598053577548533,-1.311997059325144,-2.394670942720463
4504504504.504504,0.8611889782286288,-1.2980307410471346,-2.669493219597524,0.44367637597437126,-7.058673902888315,-0.9678591063861522,0.44367637597437126,-7.058673902888315,-0.9678591063861522,0.8599885175485006,-1.3101469471894847,-2.4176463150223952
4510510510.51051,0.8614741126480924,-1.2951553719338031,-2.6918535164227126,0.4431851896588178,-7.068295225381446,-0.9902601670449479,0.4431851896588178,-7.068295225381446,-0.9902601670449479,0.8602136447538582,-1.3078734585097485,-2.4405780768246546
4516516516.516517,0.861798661829816,-1.2918836920817736,-2.714112641269763,0.44262191535118456,-7.0793417367580815,-1.0125944805817018,0.44262191535118456,-7.0793417367580815,-1.0125944805817018,0.8604802866912564,-1.3051814952066476,-2.4634634459371036
4522522522.522523,0.8621620887602998,-1.2882215596865163,-2.7362688740772008,0.44198755152669456,-7.091799245570089,-1.0348599915828587,0.44198755152669456,-7.091799245570089,-1.0348599915828587,0.8607879406276412,-1.3020765193240993,-2.48629968710646
4528528528.528528,0.8625638171861831,-1.2841752717253172,-2.7583205952097742,0.441283139965262,-7.1056533051204624,-1.0570546911352814,0.441283139965262,-7.1056533051204624,-1.0570546911352814,0.8611360550461187,-1.2985645368334606,-2.5090841137768667
4534534534.534534,0.8630032328406156,-1.2797515479852515,-2.7802662842123147,0.4405097637112011,-7.120889223862516,-1.079176616919526,0.4405097637112011,-7.120889223862516,-1.079176616919526,0.8615240310251813,-1.2946520800225274,-2.5318140897195294
4540540540.540541,0.8634796847135613,-1.2749575144628404,-2.802104518352109,0.43966854501776353,-7.1374920755459765,-1.1012238532975815,0.43966854501776353,-7.1374920755459765,-1.1012238532975815,0.861951223722755,-1.2903461885499574,-2.5544870305305736
4546546546.546547,0.8639924863636974,-1.2698006861854205,-2.8238339709618074,0.43876064327973413,-7.155446709139176,-1.123194531397287,0.43876064327973413,-7.155446709139176,-1.123194531397287,0.8624169439598925,-1.2856543892507577,-2.577100404997379
4552552552.552552,0.8645409172697546,-1.264288949502809,-2.845453409595119,0.43778725295723064,-7.174737758556348,-1.1450868291947067,0.43778725295723064,-7.174737758556348,-1.1450868291947067,0.8629204598986037,-1.2805846747832783,-2.5996517363338674
4558558558.558558,0.8651242242192654,-1.2584305438968821,-2.8669616940085625,0.4367496014937571,-7.195349652219061,-1.1668989715957898,0.4367496014937571,-7.195349652219061,-1.1668989715957898,0.8634609988080875,-1.2751454812115401,-2.6221386032863463
4564564564.564565,0.8657416227328386,-1.2522340433552792,-2.8883577739826367,0.43564894723148684,-7.217266622480299,-1.1886292305178248,0.43564894723148684,-7.217266622480299,-1.1886292305178248,0.8640377489133202,-1.2693456646206067,-2.644558641111752
4570570570.570571,0.8663922985221755,-1.2457083373543387,-2.909640686996489,0.4344865773267013,-7.240472714938715,-1.2102759249710613,0.4344865773267013,-7.240472714938715,-1.2102759249710613,0.8646498613197674,-1.263194476864967,-2.666909542430975
4576576576.576576,0.8670754089801438,-1.2388626114951489,-2.9308095557703386,0.4332638056682632,-7.264951797669495,-1.231837421140412,0.4332638056682632,-7.264951797669495,-1.231837421140412,0.8652964520077516,-1.25670154055233,-2.689189057960427
4582582582.582582,0.8677900847012514,-1.2317063278359248,-2.951863585690181,0.4319819708019669,-7.2906875703967895,-1.253312132466781,0.4319819708019669,-7.2906875703967895,-1.253312132466781,0.8659766038898432,-1.2498768233665816,-2.71139499712548
4588588588.588589,0.868535431030951,-1.2242492049624742,-2.972802062129434,0.4306424338635881,-7.317663573630994,-1.2746985197272755,0.4306424338635881,-7.317663573630994,-1.2746985197272755,0.8666893689244793,-1.2427306118346635,-2.733525228559869
4594594594.594595,0.8693105296421255,-1.2165011978386557,-2.993624347682364,0.4292465765234446,-7.34586319779198,-1.2959950911133162,0.4292465765234446,-7.34586319779198,-1.2959950911133162,0.8674337702788991,-1.2352734846423734,-2.755577680495633
4600600600.6006,0.8701144401371937,-1.208472477477006,-3.0143298793239435,0.42779579894524067,-7.375269692337905,-1.3172004023053343,0.42779579894524067,-7.375269692337905,-1.3172004023053343,0.8682088045343574,-1.2275162856040913,-2.777550341048382
4606606606.6066065,0.8709462016741017,-1.2001734104705017,-3.03491816551091,0.42629151776199053,-7.405866174916188,-1.3383130565426078,0.42629151776199053,-7.405866174916188,-1.3383130565426078,0.869013443926524,-1.2194700963905016,-2.79944125840313
4612612612.612613,0.8718048346144806,-1.1916145384252146,-3.0553887832384055,0.42473516407177414,-7.4376356405516315,-1.359331704686523,0.42473516407177414,-7.4376356405516315,-1.359331704686523,0.8698466386139234,-1.2111462091171055,-2.8212485409059695
4618618618.618619,0.8726893421920957,-1.1828065573339688,-3.075741375066527,0.42312818145608416,-7.4705609708837395,-1.3802550452755022,0.42312818145608416,-7.4705609708837395,-1.3802550452755022,0.8707073189672314,-1.2025560988947361,-2.8429703570672924
4624624624.624624,0.8735987121996004,-1.1737602969309808,-3.095975646130661,0.4214720240234945,-7.50462494346313,-1.4010818245696328,0.4214720240234945,-7.50462494346313,-1.4010818245696328,0.8715943978722697,-1.193711396440814,-2.864604935482153
4630630630.6306305,0.8745319186914464,-1.1644867000676304,-3.1160913611491514,0.4197681544813574,-7.539810241114411,-1.4218108365830153,0.4197681544813574,-7.539810241114411,-1.4218108365830153,0.8725067730395591,-1.1846238608475308,-2.886150564673608
4636636636.636637,0.8754879237006427,-1.1549968021496957,-3.136088341441323,0.4180180422382169,-7.576099461370218,-1.4424409231017368,0.4180180422382169,-7.576099461370218,-1.4424409231017368,0.8734433293133517,-1.1753053526000365,-2.9076055928647695
4642642642.642643,0.8764656789668626,-1.1453017106766936,-3.1559664619684455,0.416223161539566,-7.613475125979116,-1.4629709736854446,0.416223161539566,-7.613475125979116,-1.4629709736854446,0.874402940973146,-1.1657678069342094,-2.928968427685394
4648648648.648648,0.8774641276732011,-1.1354125849243497,-3.1757256484095473,0.41438498963954706,-7.651919690487295,-1.483399925650418,0.41438498963954706,-7.651919690487295,-1.483399925650418,0.8753844740208189,-1.156023207619629,-2.9502375358186317
4654654654.6546545,0.8784822061886755,-1.1253406158115904,-3.1953658742834348,0.4125050050111167,-7.6914155538921225,-1.5037267640321552,0.4125050050111167,-7.6914155538921225,-1.5037267640321552,0.8763867884466067,-1.1460835612495555,-2.9714114425935736
4660660660.660661,0.8795188458133647,-1.1150970059936642,-3.2148871581274174,0.41058468559714945,-7.731945068362958,-1.5239505215254072,0.41058468559714945,-7.731945068362958,-1.5239505215254072,0.8774087404673827,-1.1359608721148278,-2.9924887315288595
4666666666.666667,0.8805729745228504,-1.104692950223573,-3.2342895607428037,0.40862550710483325,-7.773490549023457,-1.5440702783999691,0.40862550710483325,-7.773490549023457,-1.5440702783999691,0.8784491847308256,-1.1256671177343045,-3.0134680438327623
4672672672.672672,0.8816435187084439,-1.0941396160238823,-3.2535731825160568,0.4066289413456702,-7.81603428378654,-1.5640851623902223,0.4066289413456702,-7.81603428378654,-1.5640851623902223,0.8795069764793083,-1.115214225109366,-3.0343480778644922
4678678678.6786785,0.8827294049094645,-1.083448124711383,-3.2727381608240917,0.40459645462323157,-7.859558543232752,-1.5839943485570225,0.40459645462323157,-7.859558543232752,-1.5839943485570225,0.8805809736675817,-1.1046140477648678,-3.0551275885616356
4684684684.684685,0.8838295615336602,-1.072629532816916,-3.2917846675310094,0.4025295061707523,-7.904045590520031,-1.6037970591202115,0.4025295061707523,-7.904045590520031,-1.6037970591202115,0.8816700390285576,-1.0938783436339778,-3.07580538683802
4690690690.690691,0.8849429205617032,-1.0616948139424376,-3.3107129065829937,0.40042954664047914,-7.949477691312441,-1.6234925632605726,0.40042954664047914,-7.949477691312441,-1.6234925632605726,0.8827730420818233,-1.0830187538385772,-3.0963803389562434
4696696696.696697,0.8860684192315443,-1.050654841097024,-3.3295231117069677,0.39829801664658904,-7.995837123713346,-1.6430801768899126,0.39829801664658904,-7.995837123713346,-1.6430801768899126,0.8838888610797844,-1.0720467824118447,-3.11685136587859
4702702702.7027025,0.8872050016982699,-1.039520369553136,-3.348215544218005,0.3961363453633026,-8.043106188188428,-1.6625592623884,0.3961363453633026,-8.043106188188428,-1.6625592623884,0.8850163848866702,-1.0609737770040168,-3.1372174425999693
4708708708.708709,0.8883516206650652,-1.0283020202630935,-3.366790490939289,0.39394594917970893,-8.091267217462043,-1.6819292283081881,0.39394594917970893,-8.091267217462043,-1.6819292283081881,0.886154514785988,-1.0498109106067235,-3.157477597465883
4714714714.714715,0.889507238980778,-1.0170102638751235,-3.385248262237824,0.3917282304126154,-8.140302586370623,-1.7011895290427816,0.3917282304126154,-8.140302586370623,-1.7011895290427816,0.8873021662123458,-1.0385691643260115,-3.177630911478366
4720720720.72072,0.8906708311995766,-1.0056554053866922,-3.403589190178056,0.3894845760785933,-8.19019472165571,-1.7203396644616669,0.3894845760785933,-8.19019472165571,-1.7203396644616669,0.8884582704039413,-1.027259311228689,-3.1976765175923747
4726726726.726727,0.8918413850982125,-0.9942475694711688,-3.4218136267948043,0.3872163567261953,-8.240926111679324,-1.7393791795099478,0.3872163567261953,-8.240926111679324,-1.7393791795099478,0.8896217759724188,-1.0158919012809773,-3.217613600004794
4732732732.732733,0.8930179031464304,-0.9827966865120672,-3.43992194248599,0.3849249253291636,-8.29247931604373,-1.7583076637728836,0.3849249253291636,-8.29247931604373,-1.7583076637728836,0.890791650387127,-1.00447724739383,-3.23744139343791
4738738738.738739,0.8941994039261625,-0.9713124793768442,-3.45791452452498,0.38261161624124346,-8.34483697509816,-1.7771247510054886,0.38261161624124346,-8.34483697509816,-1.7771247510054886,0.8919668813712962,-0.9930254125832549,-3.2571591824189485
4744744744.744745,0.8953849234952823,-0.9598044509596636,-3.475791775691476,0.3802777442130555,-8.397981819314705,-1.7958301186274526,0.3802777442130555,-8.397981819314705,-1.7958301186274526,0.8931464782079654,-0.9815461982498577,-3.276766300556911
4750750750.750751,0.8965735166918262,-0.9482818725200702,-3.493554113019226,0.3779246034712782,-8.45189667851632,-1.8144234871838438,0.3779246034712782,-8.45189667851632,-1.8144234871838438,0.8943294729539721,-0.9700491335763028,-3.2962621298177117
4756756756.756757,0.8977642583748243,-0.9367537728412779,-3.511201966658174,0.37555346686022856,-8.506564490939892,-1.8329046197722614,0.37555346686022856,-8.506564490939892,-1.8329046197722614,0.8955149215606742,-0.9585434660371883,-3.3156460997983834
4762762762.762763,0.8989562445980985,-0.9252289282287957,-3.5287357788479454,0.3731655850457374,-8.561968312118093,-1.8512733214371615,0.3731655850457374,-8.561968312118093,-1.8512733214371615,0.896701904900497,-0.9470381530112638,-3.334917687000805
4768768768.768768,0.9001485937136664,-0.9137158533666279,-3.546156002999111,0.3707621857810449,-8.618091323564348,-1.8695294385323655,0.3707621857810449,-8.618091323564348,-1.8695294385323655,0.8978895296988156,-0.9355418544815195,-3.3540764141053074
4774774774.774775,0.9013404474016778,-0.902222793044926,-3.5634631028780666,0.3683444732342685,-8.67491684124598,-1.8876728580527897,0.3683444732342685,-8.67491684124598,-1.8876728580527897,0.899076929371034,-0.9240629268051704,-3.373121849244249
4780780780.780781,0.9025309716241565,-0.890757714769138,-3.580657551890893,0.3659136273768377,-8.732428323831265,-1.9057035069365817,0.3659136273768377,-8.732428323831265,-1.9057035069365817,0.9002632647651583,-0.9126094175312989,-3.3920536052754495
4786786786.786787,0.9037193575001715,-0.8793283022569751,-3.5977398324612375,0.3634708034321222,-8.790609380697303,-1.9236213513390308,0.3634708034321222,-8.790609380697303,-1.9236213513390308,0.9014477248104923,-0.9011890612409545,-3.410871339055375
4792792792.792793,0.9049048221004244,-0.8679419498258546,-3.6147104354968147,0.36101713138333186,-8.84944377968637,-1.9414263958796336,0.36101713138333186,-8.84944377968637,-1.9414263958796336,0.9026295270734789,-0.8898092763809591,-3.4295747507116823
4798798798.798799,0.9060866091596547,-0.8566057576693993,-3.631569859938905,0.3585537155396309,-8.90891545459943,-1.959118682863848,0.3585537155396309,-8.90891545459943,-1.959118682863848,0.903807918222022,-0.8784771630601197,-3.448163582914722
4804804804.804805,0.9072639897056549,-0.8453265280179028,-3.6483186123889775,0.35608163415925687,-8.969008512416806,-1.9766982914811349,0.35608163415925687,-8.969008512416806,-1.9766982914811349,0.9049821743999925,-0.8671995017735652,-3.4666376201475475
4810810810.810811,0.9084362626041165,-0.834110762173771,-3.6649572068063923,0.3536019391283369,-9.029707240236572,-1.9941653369809413,0.3536019391283369,-9.029707240236572,-1.9941653369809413,0.9061516015139,-0.8559827530188961,-3.4849966879738274
4816816816.816816,0.9096027550189306,-0.8229646584093542,-3.6814861642710093,0.3511156556939497,-9.090996111922934,-2.011519969828326,0.3511156556939497,-9.090996111922934,-2.011519969828326,0.9073155354340074,-0.8448330577657575,-3.503240652303117
4822822822.822823,0.9107628227880255,-0.8118941107106774,-3.6979060128045957,0.348623782249892,-9.15285979445769,-2.0287623748410644,0.348623782249892,-9.15285979445769,-2.0287623748410644,0.9084733421124608,-0.8337562387384598,-3.521369418652938
4828828828.828829,0.9119158507151811,-0.8009047083476283,-3.7142172872447055,0.34612729017351906,-9.215283153988763,-2.045892770309937,0.34612729017351906,-9.215283153988763,-2.045892770309937,0.9096244176212133,-0.8227578024701521,-3.539382931407012
4834834834.834835,0.9130612527787457,-0.7900017362471947,-3.730420529164967,0.3436271237119257,-9.278251261571443,-2.0629114071040777,0.3436271237119257,-9.278251261571443,-2.0629114071040777,0.9107681881127844,-0.8118429420855487,-3.5572811730691147
4840840840.840841,0.9141984722584984,-0.7791901761439628,-3.7465162868357007,0.34112419991567583,-9.341749398598626,-2.079818567763197,0.34112419991567583,-9.341749398598626,-2.079818567763197,0.9119041097070604,-0.8010165407685808,-3.575064163512044
4846846846.846847,0.9153269817823583,-0.7684747084785344,-3.7625051152189806,0.33861940861821666,-9.405763061917659,-2.0966145655785455,0.33861940861821666,-9.405763061917659,-2.0966145655785455,0.913031668307555,-0.7902831758703578,-3.5927319592212092
4852852852.852853,0.9164462832949445,-0.7578597150124643,-3.7783875759923635,0.3361136124590644,-9.470277968632338,-2.113299743664385,0.3361136124590644,-9.470277968632338,-2.113299743664385,0.9141503793506625,-0.7796471236127842,-3.6102846525324
4858858858.858859,0.9175559079503658,-0.7473492821256201,-3.7941642375958144,0.3336076469488069,-9.535280060589596,-2.1298744740217987,0.3336076469488069,-9.535280060589596,-2.1298744740217987,0.9152597874915854,-0.7691123643427845,-3.6277223708633852
4864864864.864864,0.9186554159319267,-0.7369472047598941,-3.8098356752965863,0.33110232057391925,-9.60075550855173,-2.1463391565966923,0.33110232057391925,-9.60075550855173,-2.1463391565966923,0.9163594662307308,-0.758682588292101,-3.645045275939129
4870870870.870871,0.9197443962017348,-0.726656990971299,-3.8254024712670334,0.3285984149393895,-9.66669071605547,-2.162694218333621,0.3285984149393895,-9.66669071605547,-2.162694218333621,0.9174490174844033,-0.748361201798306,-3.662253563010327
4876876876.876877,0.9208224661834293,-0.7164818670512362,-3.8408652146706816,0.3260966849471214,-9.733072322960302,-2.1789401122272456,0.3260966849471214,-9.733072322960302,-2.1789401122272456,0.9185280711037359,-0.738151333942657,-3.679347460065231
4882882882.882883,0.9218892713815141,-0.7064247831762014,-3.8562245017522443,0.3235978590080684,-9.799887208689597,-2.195077316373058,0.3235978590080684,-9.799887208689597,-2.195077316373058,0.9195962843457837,-0.7280558435615412,-3.6963272270347303
4888888888.888889,0.9229444849409676,-0.6964884195443776,-3.871480935927493,0.32110263928607413,-9.867122495168395,-2.2111063330189875,0.32110263928607413,-9.867122495168395,-2.2111063330189875,0.9206533413007444,-0.7180773265888658,-3.7131931549907446
4894894894.894895,0.9239878071509428,-0.6866751929572192,-3.8866351278693427,0.3186117019713891,-9.934765549462792,-2.2270276876194566,0.3186117019713891,-9.934765549462792,-2.2270276876194566,0.9216989522792455,-0.7082181236879027,-3.7299455653381033
4900900900.900901,0.9250189648965592,-0.6769872638032737,-3.9016876955868103,0.31612569758185916,-10.002803986126397,-2.2428419278933975,0.31612569758185916,-10.002803986126397,-2.2428419278933975,0.9227328531636136,-0.6984803281322001,-3.746584809000188
4906906906.906907,0.9260377110628343,-0.6674265434020006,-3.9166392644938433,0.3136452512897992,-10.071225669260091,-2.2585496228876307,0.3136452512897992,-10.071225669260091,-2.2585496228876307,0.9237548047269841,-0.6888657938965749,-3.7631112655986225
4912912912.912913,0.9270438238949241,-0.657994701665066,-3.9314904674654407,0.31117096327260185,-10.14001871429179,-2.274151362047032,0.31117096327260185,-10.14001871429179,-2.274151362047032,0.9247645919240594,-0.679376143920432,-3.779525342627519
4918918918.918919,0.9280371063188358,-0.6486931750335316,-3.9462419448787394,0.30870340908516014,-10.209171489483564,-2.2896477542927376,0.30870340908516014,-10.209171489483564,-2.2896477542927376,0.9257620231572161,-0.6700127785074382,-3.795827474622704
4924924924.924925,0.92901738522684,-0.6395231746495285,-3.960894344637173,0.30624314005223147,-10.278672617173836,-2.305039427109656,0.30624314005223147,-10.278672617173836,-2.305039427109656,0.9267469295215953,-0.6607768838268793,-3.812018122326581
4930930930.930931,0.9299845107317404,-0.630485694722442,-3.9754483221760544,0.3037906836789158,-10.348510974762704,-2.320327025644413,0.3037906836789158,-10.348510974762704,-2.320327025644413,0.9277191640326616,-0.6516694404840382,-3.82809777184921
4936936936.936937,0.9309383553941539,-0.6215815210503943,-3.98990454044833,0.30134654407745787,-10.418675695449263,-2.3355112118148376,0.30134654407745787,-10.418675695449263,-2.3355112118148376,0.9286786008396464,-0.6426912321282079,-3.8440669338263733
4942942942.942943,0.9318788134268643,-0.612811239659288,-4.00426366988952,0.2989112024086587,-10.48915616872948,-2.350592663431983,0.2989112024086587,-10.48915616872948,-2.350592663431983,0.9296251344280965,-0.6338428540692662,-3.8599261425753744
4948948948.948949,0.9328057998802413,-0.604175245522969,-4.018526388361141,0.29648511733621924,-10.559942040663945,-2.3655720733356387,0.29648511733621924,-10.559942040663945,-2.3655720733356387,0.9305586788146685,-0.6251247218749945,-3.8756759552493842
4954954954.954955,0.9337192498125781,-0.5956737513299128,-4.0326933810722,0.29406872549240887,-10.631023213924824,-2.380450148544167,0.29406872549240887,-10.631023213924824,-2.380450148544167,0.9314791667371145,-0.6165370799235466,-3.8913169509912136
4960960960.960961,0.9346191174490909,-0.58730679626335,-4.046765340478575,0.29166244195351443,-10.702389847631409,-2.395227609419455,0.29166244195351443,-10.702389847631409,-2.395227609419455,0.9323865488422795,-0.6080800098870346,-3.9068497300873664
4966966966.966967,0.9355053753331858,-0.5790742547634637,-4.060742966160417,0.2892666607235711,-10.774032356984351,-2.409905188847759,0.2892666607235711,-10.774032356984351,-2.409905188847759,0.9332807928747587,-0.5997534391241088,-3.9222749131233825
4972972972.972973,0.9363780134733944,-0.570975845242629,-4.074626964677744,0.28688175522497017,-10.845941412707905,-2.424483631436992,0.28688175522497017,-10.845941412707905,-2.424483631436992,0.9341618828687077,-0.5915571489611661,-3.93759314014131
4978978978.978979,0.9372370384892715,-0.5630111387259444,-4.088418049404806,0.28450807879458306,-10.918107940310136,-2.4389636927310843,0.28450807879458306,-10.918107940310136,-2.4389636927310843,0.9350298183451284,-0.58349078284359,-3.952805069800325
4984984984.984985,0.9380824727592882,-0.5551795673920532,-4.102116940343826,0.2821459651841039,-10.990523119171263,-2.453346138441965,0.2821459651841039,-10.990523119171263,-2.453346138441965,0.9358846135167886,-0.5755538543402137,-3.9679113785414786
4990990990.990991,0.9389143535736499,-0.5474804329904441,-4.115724363918899,0.27979572906340183,-11.063178381469505,-2.4676317436995046,0.27979572906340183,-11.063178381469505,-2.4676317436995046,0.9367262965027795,-0.5677457549857216,-3.9829127597574576
4996996996.996997,0.9397327322946947,-0.5399129151141523,-4.12924105275106,0.27745766652571646,-11.136065410954574,-2.481821292319919,0.27745766652571646,-11.136065410954574,-2.481821292319919,0.9375549085545365,-0.5600657619475279,-3.997809922968413
5003003003.003003,0.9405376735273717,-0.5324760793083797,-4.142667745415473,0.27513205559361165,-11.209176141578316,-2.495915576092854,0.27513205559361165,-11.209176141578316,-2.495915576092854,0.9383705032949925,-0.5525130455051799,-4.012603593004709
5009009009.009009,0.9413292543020969,-0.5251688849975507,-4.15600518618198,0.27281915672465296,-11.282502755992425,-2.5099153940874848,0.27281915672465296,-11.282502755992425,-2.5099153940874848,0.9391731459723804,-0.5450866763318074,-4.027294509197585
5015015015.015015,0.9421075632720579,-0.5179901932154549,-4.169254124740172,0.27051921331586143,-11.356037683922303,-2.523821551977791,0.27051921331586143,-11.356037683922303,-2.523821551977791,0.9399629127300404,-0.5377856325686612,-4.041883424578591
5021021021.021021,0.9428726999268665,-0.5109387741248059,-4.182415315910338,0.2682324522060257,-11.429773600426994,-2.537634861387218,0.2682324522060257,-11.429773600426994,-2.537634861387218,0.940739889893428,-0.5306088066852517,-4.056371105088719
5027027027.027027,0.9436247738242374,-0.5040133143145552,-4.195489519341526,0.2659590841750577,-11.503703424053759,-2.551356139252733,0.2659590841750577,-11.503703424053759,-2.551356139252733,0.9415041732753962,-0.5235550121187302,-4.070758328797988
5033033033.033033,0.9443639038411967,-0.4972124238649198,-4.208477499198178,0.2636993044395953,-11.577820314896881,-2.564986207208433,0.2636993044395953,-11.577820314896881,-2.564986207208433,0.9422558675006584,-0.516622989687616,-4.0850458851364
5039039039.039039,0.9450902174461284,-0.49053464317183737,-4.2213800238366765,0.26145329314414606,-11.65211767256919,-2.578525890988656,0.26145329314414606,-11.65211767256919,-2.578525890988656,0.9429950853502245,-0.5098114137760196,-4.09923457413694
5045045045.045045,0.9458038499927721,-0.48397844952428015,-4.234197865473181,0.2592212158471053,-11.72658913409512,-2.5919760198505877,0.2592212158471053,-11.72658913409512,-2.5919760198505877,0.943721947126455,-0.503118898285741,-4.113325205691414
5051051051.051051,0.9465049440371415,-0.4775422634291294,-4.246931799844138,0.25700322400104475,-11.801228571733557,-2.605337426016261,0.25700322400104475,-11.801228571733557,-2.605337426016261,0.9444365800392747,-0.49654400235452956,-4.127318598819741
5057057057.057057,0.9471936486781326,-0.47122445468002805,-4.259582605860848,0.25479945542671867,-11.876030090738752,-2.618610944133887,0.25479945542671867,-11.876030090738752,-2.618610944133887,0.9451391176139543,-0.49008523583989605,-4.141215580953419
5063063063.063063,0.9478701189224504,-0.4650233481678302,-4.272151065259392,0.2526100347802818,-11.950988027067291,-2.6317974107583377,0.2526100347802818,-11.950988027067291,-2.6317974107583377,0.9458296991207785,-0.4837410645685914,-4.155016987233664
5069069069.069069,0.94853451507433,-0.45893722943152754,-4.284637962247233,0.25043507401327075,-12.026096945038718,-2.6448976638506263,0.25043507401327075,-12.026096945038718,-2.6448976638506263,0.9465084690267866,-0.47750991535296466,-4.168723659824842
5075075075.075075,0.9491870021503875,-0.45296434994969875,-4.297044083147746,0.24827467282493873,-12.101351634957387,-2.657912542296167,0.24827467282493873,-12.101351634957387,-2.657912542296167,0.9471755764697184,-0.471390180775789,-4.1823364472436175
5081081081.081081,0.9498277493197934,-0.447102932173713,-4.309370216043869,0.24612891910658746,-12.17674711070259,-2.6708428854415747,0.24612891910658746,-12.17674711070259,-2.6708428854415747,0.9478311747541662,-0.46538022374621246,-4.195856203704295
5087087087.087088,0.9504569293698583,-0.44135117430467086,-4.3216171504220755,0.24399788937756756,-12.252278607294286,-2.6836895326498036,0.24399788937756756,-12.252278607294286,-2.6836895326498036,0.948475420869882,-0.4594783818298618,-4.209283788480763
5093093093.093093,0.9510747181969891,-0.435707254817182,-4.333785676817706,0.2418816492126813,-12.327941578440722,-2.6964533228732677,0.2418816492126813,-12.327941578440722,-2.6964533228732677,0.9491084750321052,-0.453682971356728,-4.222620065285325
5099099099.099099,0.9516812943228838,-0.4301693367337103,-4.345876586462752,0.23978025366073785,-12.403731694074757,-2.7091350942447145,0.23978025366073785,-12.403731694074757,-2.7091350942447145,0.9497305002436986,-0.4479922913110756,-4.235865901664769
5105105105.105105,0.9522768384357255,-0.424735571654066,-4.35789067093701,0.23769374765406534,-12.479644837884923,-2.721735683685479,0.23769374765406534,-12.479644837884923,-2.721735683685479,0.9503416618788266,-0.4424046270079654,-4.249022168413866
5111111111.111111,0.9528615329560635,-0.41940410354513546,-4.36982872182358,0.2356221664088002,-12.55567710484745,-2.7342559265308433,0.2356221664088002,-12.55567710484745,-2.7342559265308433,0.9509421272878634,-0.4369182535612526,-4.262089739006559
5117117117.117117,0.9534355616269886,-0.4141730722965342,-4.381691530369495,0.23356553581583062,-12.631824798764658,-2.7466966561721082,0.23356553581583062,-12.631824798764658,-2.7466966561721082,0.9515320654231392,-0.43153143914856645,-4.275069489044926
5123123123.123123,0.9539991091281326,-0.409040617048428,-4.393479887152273,0.23152387282227507,-12.708084429815544,-2.7590587037150307,0.23152387282227507,-12.708084429815544,-2.7590587037150307,0.9521116464851195,-0.4262424480787249,-4.287962295726063
5129129129.129129,0.9545523607129766,-0.4040048792980156,-4.40519458175315,0.22949718580342082,-12.784452712123839,-2.771342897654304,0.22949718580342082,-12.784452712123839,-2.771342897654304,0.9526810415885543,-0.42104954366748104,-4.300769037326978
5135135135.135136,0.955095501868892,-0.3990640057916242,-4.416836402437542,0.22748547492507518,-12.860926561348327,-2.783550063563603,0.22748547492507518,-12.860926561348327,-2.783550063563603,0.953240422448104,-0.415950990927627,-4.313490592707427
5141141141.141141,0.9556287179992929,-0.39421615120960996,-4.42840613584343,0.22548873249629356,-12.937503092300691,-2.7956810238009355,0.22548873249629356,-12.937503092300691,-2.7956810238009355,0.9537899610829266,-0.4109450590795935,-4.326127840830804
5147147147.147147,0.9561521941272421,-0.38945948065147173,-4.439904566678088,0.22350694331248655,-13.014179616595191,-2.807736597228799,0.22350694331248655,-13.014179616595191,-2.807736597228799,0.9543298295396764,-0.4060300238888556,-4.338681660302914
5153153153.153153,0.9566661146198244,-0.38479217192873,-4.451332477423666,0.22154008498891903,-13.090953640334785,-2.819717598948807,0.22154008498891903,-13.090953640334785,-2.819717598948807,0.9548601996333408,-0.40120416983660245,-4.351152928928616
5159159159.159159,0.9571706629325758,-0.38021241767323455,-4.462690648052005,0.21958812828463842,-13.167822861837891,-2.8316248400503725,0.21958812828463842,-13.167822861837891,-2.8316248400503725,0.9553812427053515,-0.3964657921298974,-4.363542523286184
5165165165.165165,0.957666021373224,-0.3757184272687258,-4.473979855749038,0.21765103741688185,-13.244785169409996,-2.843459127373059,0.21765103741688185,-13.244785169409996,-2.843459127373059,0.9558931293983577,-0.39181319855793373,-4.375851318319261
5171171171.171171,0.9581523708840101,-0.3713084286132853,-4.4852008746490295,0.2157287703660404,-13.321838639163737,-2.8552212632821568,0.2157287703660404,-13.321838639163737,-2.8552212632821568,0.9563960294470637,-0.38724471120074383,-4.388080186946169
5177177177.177177,0.9586298908418243,-0.3669806697205042,-4.496354475578924,0.2138212791712559,-13.398981532891472,-2.866912045457136,0.2138212791712559,-13.398981532891472,-2.866912045457136,0.956890111484526,-0.38275866799671576,-4.40022999968644
5183183183.183184,0.9590987588753878,-0.3627334201671367,-4.507441425812959,0.21192851021675746,-13.476212295993655,-2.8785322666925444,0.21192851021675746,-13.476212295993655,-2.8785322666925444,0.9573755428632936,-0.3783534241752712,-4.412301624304276
5189189189.189189,0.9595591506987379,-0.3585649723946782,-4.518462488837691,0.21005040450904258,-13.553529555466614,-2.890082714710948,0.21005040450904258,-13.553529555466614,-2.890082714710948,0.9578524894907706,-0.3740273535610503,-4.424295925468717
5195195195.195195,0.9600112399602397,-0.35447364287253974,-4.529418424127531,0.20818689794502646,-13.630932117952986,-2.901564171987541,0.20818689794502646,-13.630932117952986,-2.901564171987541,0.9583211156782084,-0.3697788497555866,-4.436213764430224
5201201201.201201,0.9604551981063789,-0.3504577731301256,-4.540309986930819,0.2063379215712955,-13.708418967857735,-2.9129774155860026,0.2063379215712955,-13.708418967857735,-2.9129774155860026,0.9587815840027095,-0.3656063272026528,-4.448055998713387
5207207207.207207,0.9608911942595852,-0.3465157306650913,-4.551137928066485,0.20450340183460003,-13.785989265533072,-2.9243232170052322,0.20450340183460003,-13.785989265533072,-2.9243232170052322,0.9592340551816466,-0.36150822214316564,-4.459823481825441
5213213213.213213,0.9613193951093689,-0.3426459097347112,-4.561902993731239,0.2026832608237347,-13.863642345535105,-2.935602342036581,0.2026832608237347,-13.863642345535105,-2.935602342036581,0.9596786879589063,-0.3574829934654502,-4.471517062980283
5219219219.219219,0.9617399648160306,-0.3388467320374,-4.572605925317272,0.2008774165029687,-13.941377714954823,-2.946815550631167,0.2008774165029687,-13.941377714954823,-2.946815550631167,0.9601156390023772,-0.353529123456501,-4.483137586837614
5225225225.225225,0.9621530649262537,-0.3351166472909576,-4.583247459240343,0.1990857829371803,-14.01919505182632,-2.957963596776943,0.1990857829371803,-14.01919505182632,-2.957963596776943,0.9605450628121174,-0.34964511845969093,-4.494685893256889
5231231231.231232,0.9625588542999005,-0.3314541337139276,-4.593828326778192,0.19730827050886016,-14.097094203615018,-2.9690472283851252,0.19730827050886016,-14.097094203615018,-2.9690472283851252,0.9609671116386309,-0.34582950944438945,-4.5061628170657055
5237237237.237237,0.962957489047322,-0.32785769841652557,-4.604349253919075,0.1955447861271648,-14.17507518578792,-2.9800671871856026,0.1955447861271648,-14.17507518578792,-2.9800671871856026,0.9613819354107254,-0.342080852492505,-4.517569187842215
5243243243.243243,0.9633491224765675,-0.3243258777068617,-4.614810961220351,0.19379523342917626,-14.253138180469165,-2.9910242086310257,0.19379523342917626,-14.253138180469165,-2.9910242086310257,0.9617896816724094,-0.3383977292070645,-4.528905829711287
5249249249.249249,0.9637339050498319,-0.32085723731856286,-4.625214163676856,0.1920595129735638,-14.331283535182475,-3.001919021809158,0.1920595129735638,-14.331283535182475,-3.001919021809158,0.9621904955283295,-0.33477874704753097,-4.540173561153917
5255255255.255255,0.964111984348569,-0.31745037256508,-4.635559570598922,0.19033752242681046,-14.40951176168355,-3.0127523493631956,0.19033752242681046,-14.40951176168355,-3.0127523493631956,0.9625845195972249,-0.3312225395967064,-4.551373194829586
5261261261.261261,0.9644835050466738,-0.31410390842611857,-4.645847885499843,0.18862915674219108,-14.487823534884491,-3.0235249074197177,0.18862915674219108,-14.487823534884491,-3.0235249074197177,0.9629718939729492,-0.32772776676342563,-4.562505537411154
5267267267.267267,0.964848608891167,-0.31081649957136853,-4.656079805992478,0.18693430833168675,-14.566219691872364,-3.03423740552389,0.18693430833168675,-14.566219691872364,-3.03423740552389,0.963352756192562,-0.324293114925599,-4.57357138943186
5273273273.273273,0.9652074346898664,-0.30758683032620016,-4.666256023694901,0.18525286723100548,-14.644701231024769,-3.0448905465816902,0.18525286723100548,-14.644701231024769,-3.0448905465816902,0.9637272412110677,-0.32091729701749333,-4.584571545144135
5279279279.27928,0.9655601183055171,-0.3044136145840823,-4.676377224144689,0.18358472125790415,-14.723269311224056,-3.0554850268087415,0.18358472125790415,-14.723269311224056,-3.0554850268087415,0.964095481382346,-0.3175990525654066,-4.595506792389708
5285285285.285285,0.9659067926558902,-0.3012955956701313,-4.6864440867217425,0.18192975616397958,-14.801925251173104,-3.066021535685539,0.18192975616397958,-14.801925251173104,-3.066021535685539,0.964457606445881,-0.31433714767530047,-4.606377912480751
5291291291.291291,0.9662475877193889,-0.2982315461598962,-4.696457284579279,0.1802878557801178,-14.880670528814555,-3.07650075591871,0.1802878557801178,-14.880670528814555,-3.07650075591871,0.9648137435188727,-0.3111303749761435,-4.617185680091573
5297297297.2972975,0.9665826305457128,-0.29522026765739556,-4.706417484582774,0.1786589021557778,-14.959506780855909,-3.086923363408039,0.1786589021557778,-14.959506780855909,-3.086923363408039,0.9651640170933615,-0.30797755352230444,-4.62793086316054
5303303303.303303,0.9669120452711613,-0.29226059053609776,-4.716325347256603,0.17704277569228372,-15.038435802403079,-3.0972900272189854,0.17704277569228372,-15.038435802403079,-3.0972900272189854,0.9655085490379912,-0.3048775286583225,-4.638614222801815
5309309309.309309,0.9672359531381656,-0.2893513736464743,-4.726181526738074,0.1754393552703045,-15.117459546704557,-3.1076014095604143,0.1754393552703045,-15.117459546704557,-3.1076014095604143,0.9658474586040741,-0.3018291718490682,-4.649236513226585
5315315315.315315,0.967554472518681,-0.28649150399336054,-4.7359866707386065,0.17384851837169144,-15.196580125008829,-3.1178581657672417,0.17384851837169144,-15.196580125008829,-3.1178581657672417,0.9661808624356105,-0.2988313804783689,-4.6597984816733415
5321321321.3213215,0.9678677189410754,-0.2836798963862971,-4.745741420511786,0.1722701411958479,-15.275799806537378,-3.128060944287795,0.1722701411958479,-15.275799806537378,-3.128060944287795,0.9665088745829611,-0.2958830776187677,-4.670300868346919
5327327327.327328,0.9681758051201631,-0.2809154930659174,-4.755446410828009,0.17070409877079484,-15.3551210185761,-3.138210386675573,0.17070409877079484,-15.3551210185761,-3.138210386675573,0.9668316065198613,-0.29298321177513403,-4.680744406365894
5333333333.333333,0.9684788409900913,-0.27819726330890865,-4.765102269955472,0.1691502650591019,-15.434546346687599,-3.148307127585202,0.1691502650591019,-15.434546346687599,-3.148307127585202,0.9671491671635053,-0.2901307566045269,-4.69112982171802
5339339339.339339,0.9687769337397486,-0.27552420301440333,-4.774709619647228,0.1676085130588421,-15.514078535047368,-3.158351794772334,0.1676085130588421,-15.514078535047368,-3.158351794772334,0.9674616628974013,-0.2873247106148966,-4.701457833223349
5345345345.3453455,0.9690701878504335,-0.272895334274054,-4.784269075134038,0.16607871489973644,-15.593720486906381,-3.1683450090972425,0.16607871489973644,-15.593720486906381,-3.1683450090972425,0.9677691975967826,-0.2845640968445013,-4.71172915250469
5351351351.351352,0.9693587051355087,-0.27030970492813283,-4.793781245122788,0.1645607419346358,-15.673475265183532,-3.1782873845319175,0.1645607419346358,-15.673475265183532,-3.1782873845319175,0.9680718726562877,-0.28184796252451244,-4.721944483965108
5357357357.357357,0.9696425847817944,-0.2677663881097585,-4.803246731800195,0.1630544648265025,-15.753346093190597,-3.1881795281704135,0.1630544648265025,-15.753346093190597,-3.1881795281704135,0.9683697870197256,-0.2791753787263877,-4.732104524772134
5363363363.363363,0.9699219233924734,-0.2652644817791797,-4.81266613084156,0.16155975363103145,-15.833336355493469,-3.198022040242261,0.16155975363103145,-15.833336355493469,-3.198022040242261,0.9686630372116646,-0.276545439996265,-4.742209964848367
5369369369.3693695,0.9701968150312799,-0.26280310825003433,-4.822040031424317,0.1600764778750685,-15.913449598912454,-3.207815514128704,0.1600764778750685,-15.913449598912454,-3.207815514128704,0.9689517173706833,-0.27395726397772613,-4.75226148686817
5375375375.375376,0.9704673512677883,-0.260381413709126,-4.831369016246169,0.1586045066309584,-15.99368953366582,-3.2175605363815962,0.1586045066309584,-15.99368953366582,-3.2175605363815962,0.9692359192840584,-0.2714099910248806,-4.762259766260184
5381381381.381382,0.9707336212235942,-0.2579985677314636,-4.840653661547531,0.15714370858696733,-16.074060034659936,-3.227257686744734,0.15714370858696733,-16.074060034659936,-3.227257686744734,0.9695157324237361,-0.268902783807024,-4.772205471215353
5387387387.387387,0.9709957116192299,-0.25565376279185753,-4.849894537138112,0.15569395211391307,-16.154565142930224,-3.2369075381774497,0.15569395211391307,-16.154565142930224,-3.2369075381774497,0.969791243983398,-0.266434826906495,-4.782099262700207
5393393393.3933935,0.9712537068216446,-0.2533462137744889,-4.8590922064273565,0.15425510532813866,-16.235209067236738,-3.2465106568802695,0.15425510532813866,-16.235209067236738,-3.2465106568802695,0.9700625389164862,-0.26400532641083313,-4.791941794475112
5399399399.3994,0.9715076888921006,-0.25107515748166437,-4.868247226458583,0.15282703615095372,-16.315996185819074,-3.2560676023224553,0.15282703615095372,-16.315996185819074,-3.2560676023224553,0.9703296999750101,-0.26161350950074697,-4.801733713117237
5405405405.405405,0.9717577376343525,-0.24883985214285048,-4.877360147946585,0.15140961236467002,-16.396931048315018,-3.265578927271272,0.15140961236467002,-16.396931048315018,-3.265578927271272,0.9705928077490268,-0.2592586240347585,-4.81147565804802
5411411411.411411,0.9720039306429769,-0.24663957692505106,-4.886431515318515,0.1500027016653524,-16.478018377847942,-3.275045177822779,0.1500027016653524,-16.478018377847942,-3.275045177822779,0.970851940706656,-0.2569399381316858,-4.82116826156484
5417417417.417418,0.9722463433517355,-0.24447363144548379,-4.8954618667578345,0.1486061717124046,-16.559263073287838,-3.284466893434006,0.1486061717124046,-16.559263073287838,-3.284466893434006,0.9711071752344931,-0.25465673975208747,-4.830812148876697
5423423423.423424,0.972485049081881,-0.24234133528726148,-4.90445173425115,0.14721989017510262,-16.640670211691543,-3.2938446069563065,0.14721989017510262,-16.640670211691543,-3.2938446069563065,0.9713585856783445,-0.2524083362792579,-4.840407938143649
5429429429.42943,0.9727201190902732,-0.24024202751915458,-4.913401643637804,0.14584372477618343,-16.72224505092808,-3.303178844669798,0.14584372477618343,-16.72224505092808,-3.303178844669798,0.971606244384148,-0.2501940541009278,-4.849956240519859
5435435435.435435,0.9729516226172574,-0.2381750662197814,-4.922312114661955,0.14447754333260465,-16.803993032494617,-3.312470126318639,0.14447754333260465,-16.803993032494617,-3.312470126318639,0.9718502217389985,-0.24801323819227183,-4.859457660199918
5441441441.441442,0.9731796269341948,-0.2361398280071091,-4.931183661027088,0.14312121379356643,-16.885919784530167,-3.321718965147084,0.14312121379356643,-16.885919784530167,-3.321718965147084,0.9720905862122029,-0.24586525170084622,-4.8689127944684
5447447447.447448,0.9734041973905866,-0.2341357075736935,-4.940016790452705,0.14177460427590988,-16.96803112503304,-3.330925867936066,0.14177460427590988,-16.96803112503304,-3.330925867936066,0.972327404396251,-0.24374947553436893,-4.878322233752314
5453453453.453453,0.9736253974607082,-0.23216211722832286,-4.948812004733104,0.14043758309697799,-17.05033306528978,-3.340091335040238,0.14043758309697799,-17.05033306528978,-3.340091335040238,0.9725607410476603,-0.2416653079516427,-4.88768656167637
5459459459.459459,0.9738432887897219,-0.23021848644425555,-4.957569799798084,0.13911001880503662,-17.132831813523012,-3.3492158604252755,0.13911001880503662,-17.132831813523012,-3.3492158604252755,0.9727906591276027,-0.2396121641573714,-4.897006355120839
5465465465.465466,0.9740579312391885,-0.22830426141468382,-4.966290665775419,0.1377917802073488,-17.215533778765963,-3.358299931705302,0.1377917802073488,-17.215533778765963,-3.358299931705302,0.9730172198422726,-0.23758947590113988,-4.906282184281838
5471471471.471472,0.97426938293194,-0.22641890461567593,-4.974975087054997,0.1364827363959852,-17.29844557497254,-3.367344030180298,0.1364827363959852,-17.29844557497254,-3.367344030180298,0.9732404826829113,-0.23559669108126877,-4.915514612733901
5477477477.477478,0.974477700296273,-0.22456189437688803,-4.983623542354483,0.13518275677145658,-17.381574025371794,-3.3763486308733355,0.13518275677145658,-17.381574025371794,-3.3763486308733355,0.9734605054654548,-0.23363327335373335,-4.924704197494658
5483483483.483483,0.9746829381094239,-0.22273272446031056,-4.992236504786387,0.13389171106424985,-17.4649261670763,-3.3853142025675025,0.13389171106424985,-17.4649261670763,-3.3853142025675025,0.9736773443697646,-0.23169870174646978,-4.933851489091492
5489489489.48949,0.9748851495402904,-0.2209309036472938,-5.000814441926423,0.13260946935434473,-17.548509255954677,-3.394241207842359,0.13260946935434473,-17.548509255954677,-3.394241207842359,0.9738910539783651,-0.22979247027965974,-4.942957031630028
5495495495.495496,0.9750843861913766,-0.2191559553339958,-5.00935781588305,0.13133590208878684,-17.63233077177888,-3.4031301031097794,0.13133590208878684,-17.63233077177888,-3.4031301031097794,0.9741016873146906,-0.22791408759191237,-4.9520213628643095
5501501501.501501,0.9752806981399315,-0.2174074171354421,-5.017867083368092,0.13007088009738957,-17.7163984236577,-3.4119813386490345,0.13007088009738957,-17.7163984236577,-3.4119813386490345,0.9743092958807765,-0.22606307657286512,-4.961045014268562
5507507507.507507,0.9754741339782641,-0.2156848404982884,-5.0263426957683555,0.12881427460663133,-17.80072015576869,-3.4207953586409685,0.12881427460663133,-17.80072015576869,-3.4207953586409685,0.9745139296943721,-0.22423897400233506,-4.970028511110398
5513513513.513514,0.9756647408532146,-0.21398779032241466,-5.034785099218119,0.1275659572518184,-17.885304153401144,-3.4295726012011,0.1275659572518184,-17.885304153401144,-3.4295726012011,0.9747156373254607,-0.2224413301960967,-4.978972372525365
5519519519.51952,0.9758525645047735,-0.21231584459134978,-5.043194734672433,0.12632580008757788,-17.97015884932367,-3.438313498411493,0.12632580008757788,-17.97015884932367,-3.438313498411493,0.9749144659321355,-0.2206697086586894,-4.9878771115927
5525525525.525526,0.976037649303829,-0.21066859401165616,-5.0515720379811455,0.12509367559673465,-18.05529293049132,-3.447018476351269,0.12509367559673465,-18.05529293049132,-3.447018476351269,0.9751104612958431,-0.21892368574308554,-4.996743235412236
5531531531.531531,0.9762200382890449,-0.20904564166119388,-5.059917439963575,0.12386945669763925,-18.140715345107093,-3.4556879551255504,0.12386945669763925,-18.140715345107093,-3.4556879551255504,0.9753036678559384,-0.21720285031768127,-5.005571245182319
5537537537.537538,0.9763997732028497,-0.2074466026463931,-5.068231366483751,0.12265301674999973,-18.22643531005434,-3.4643223488926975,0.12265301674999973,-18.22643531005434,-3.4643223488926975,0.9754941287435774,-0.2155068034403053,-5.014361636278659
5543543543.543544,0.976576894526541,-0.2058711037684292,-5.076514238526155,0.12144422955926883,-18.31246231871755,-3.4729220658896565,0.12144422955926883,-18.31246231871755,-3.4729220658896565,0.975681885814891,-0.2138351580397249,-5.023114898334034
5549549549.549549,0.9767514415145137,-0.20431878319820124,-5.084766472271911,0.1202429693796429,-18.398806149209655,-3.4814875084552237,0.1202429693796429,-18.398806149209655,-3.4814875084552237,0.9758669796834628,-0.21218753860437214,-5.031831515318754
5555555555.555555,0.9769234522275785,-0.20278929016034491,-5.092988479175359,0.11904911091571356,-18.48547687302602,-3.4900190730510747,0.11904911091571356,-18.48547687302602,-3.4900190730510747,0.9760494497520836,-0.21056358087851212,-5.040511965621812
5561561561.561562,0.9770929635654146,-0.20128228462585807,-5.101180666040945,0.1178625293228279,-18.57248486414533,-3.49851715028032,0.1178625293228279,-18.57248486414533,-3.49851715028032,0.9762293342437757,-0.20896293156585588,-5.049156722132659
5567567567.567568,0.9772600112981296,-0.19979743701353192,-5.109343435100391,0.11668310020619568,-18.659840808600066,-3.506982124903402,0.11668310020619568,-18.659840808600066,-3.506982124903402,0.9764066702320934,-0.20738524804051997,-5.057766252323518
5573573573.573574,0.9774246300969409,-0.19833442790001454,-5.117477184090101,0.11551069961878531,-18.747555714540255,-3.51541437585114,0.11551069961878531,-18.747555714540255,-3.51541437585114,0.9765814936706787,-0.2058301980654903,-5.0663410183321815
5579579579.579579,0.9775868535639826,-0.1968929477384521,-5.12558230632874,0.11434520405805226,-18.835640922815486,-3.5238142762346505,0.11434520405805226,-18.835640922815486,-3.5238142762346505,0.976753839422084,-0.20429745951843237,-5.074881477045245
5585585585.585586,0.9777467142612527,-0.1954726965855088,-5.133659190794957,0.11318649046153519,-18.92410811810223,-3.5321821933519537,0.11318649046153519,-18.92410811810223,-3.5321821933519537,0.9769237412858504,-0.2027867201249227,-5.083388080181695
5591591591.591592,0.9779042437386894,-0.19407338383686132,-5.141708222205224,0.11203443620135935,-19.012969340604926,-3.5405184886909673,0.11203443620135935,-19.012969340604926,-3.5405184886909673,0.9770912320258461,-0.20129767719901462,-5.091861274376825
5597597597.597597,0.9780594725614082,-0.19269472797082793,-5.149729781091725,0.11088891907767509,-19.102236998361853,-3.5488235179286685,0.11088891907767509,-19.102236998361853,-3.5488235179286685,0.9772563433968687,-0.19983003739109173,-5.100301501266413
5603603603.603603,0.9782124303360846,-0.19133645630024598,-5.157724243880329,0.10974981731106742,-19.19192388018814,-3.55709763092612,0.10974981731106742,-19.19192388018814,-3.55709763092612,0.9774191061705052,-0.19838351644300073,-5.108709197571143
5609609609.60961,0.9783631457365166,-0.18999830473226414,-5.165691982968517,0.10861700953397148,-19.282043169290397,-3.5653411717190284,0.10861700953397148,-19.282043169290397,-3.5653411717190284,0.9775795501602564,-0.19695783895039887,-5.11708479518118
5615615615.615616,0.9785116465283558,-0.18868001753611377,-5.17363336680336,0.1074903747811102,-19.372608457591205,-3.573554478503591,0.1074903747811102,-19.372608457591205,-3.573554478503591,0.9777377042459366,-0.1955527381321787,-5.125428721240939
5621621621.621622,0.9786579595930298,-0.18738134711863075,-5.181548759959419,0.10636979247899507,-19.463633760802097,-3.581737883617194,0.10636979247899507,-19.463633760802097,-3.581737883617194,0.9778935963973372,-0.19416795560703873,-5.133741398233928
5627627627.627627,0.9788021109508643,-0.18610205380743347,-5.189438523216616,0.10525514243450239,-19.555133534288583,-3.5898917135136816,0.10525514243450239,-19.555133534288583,-3.5898917135136816,0.9780472536971735,-0.19280324117700648,-5.142023244067694
5633633633.633634,0.9789441257834132,-0.1848419056416439,-5.197303013638027,0.10414630482255739,-19.647122689772086,-3.59801628873274,0.10414630482255739,-19.647122689772086,-3.59801628873274,0.9781987023633132,-0.19145835261790242,-5.150274672158835
5639639639.63964,0.9790840284550106,-0.18360067817001274,-5.205142584647598,0.10304316017294315,-19.739616612917896,-3.6061119238630024,0.10304316017294315,-19.739616612917896,-3.6061119238630024,0.9783479677702932,-0.190133055476653,-5.158496091518017
5645645645.645645,0.979221842533558,-0.18237815425631357,-5.212957586107759,0.10194558935625476,-19.832631181861355,-3.614178927498428,0.10194558935625476,-19.832631181861355,-3.614178927498428,0.9784950744701311,-0.18882712287537934,-5.166687906835037
5651651651.651651,0.9793575908105543,-0.18117412389189608,-5.220748364396941,0.10085347356901789,-19.926182786728212,-3.6222176021874386,0.10085347356901789,-19.926182786728212,-3.6222176021874386,0.9786400462124404,-0.1875403353221514,-5.174850518563846
5657657657.657658,0.9794912953203768,-0.17998838401532244,-5.228515262486972,0.09976669431798885,-20.020288350209206,-3.6302282443743064,0.09976669431798885,-20.020288350209206,-3.6302282443743064,0.9787829059638486,-0.1862724805284011,-5.182984323007574
5663663663.663664,0.9796229773588409,-0.17882073833881754,-5.236258620020365,0.09868513340365055,-20.114965349253428,-3.638211144332216,0.09868513340365055,-20.114965349253428,-3.638211144332216,0.97892367592674,-0.18502335323277194,-5.191089712403482
5669669669.66967,0.9797526575010289,-0.17767099718158474,-5.243978773387484,0.09760867290291714,-20.210231837949788,-3.646166586087392,0.09760867290291714,-20.210231837949788,-3.646166586087392,0.9790623775573065,-0.1837927550315316,-5.199167075007911
5675675675.675675,0.9798803556184115,-0.17653897730978446,-5.251676055803583,0.09653719515106392,-20.306106471670645,-3.6540948473335964,0.09653719515106392,-20.306106471670645,-3.6540948473335964,0.9791990315829501,-0.1825804942151526,-5.207216795181132
5681681681.681682,0.9800060908952714,-0.1754245017830441,-5.259350797385729,0.09547058272288608,-20.402608532558325,-3.6619961993363237,0.09547058272288608,-20.402608532558325,-3.6619961993363237,0.9793336580189952,-0.1813863856113965,-5.215239253472151
5687687687.687688,0.980129881844442,-0.17432739980739426,-5.267003325229612,0.09440871841310482,-20.499757956439776,-3.6698709068258415,0.09440871841310482,-20.499757956439776,-3.6698709068258415,0.9794662761847682,-0.18021025043439032,-5.223234826703435
5693693693.693693,0.9802517463223609,-0.1732475065946051,-5.274633963486227,0.09335148521602082,-20.597575361263,-3.67771922787828,0.09335148521602082,-20.597575361263,-3.67771922787828,0.9795969047190165,-0.17905191613991303,-5.231203888055573
5699699699.699699,0.9803717015434692,-0.17218466322762344,-5.282243033438466,0.09229876630442582,-20.69608207715477,-3.685541413783815,0.09229876630442582,-20.69608207715477,-3.685541413783815,0.9797255615946904,-0.17791121628667234,-5.239146807151864
5705705705.705706,0.9804897640939393,-0.1711387165322739,-5.2898308535775955,0.09125044500777892,-20.795300178207498,-3.6933377089009123,0.09125044500777892,-20.795300178207498,-3.6933377089009123,0.9798522641330872,-0.17678799040356383,-5.247063950142825
5711711711.711712,0.9806059499447709,-0.17010951895483334,-5.297397739679664,0.09020640478964596,-20.89525251611216,-3.7011083504955886,0.09020640478964596,-20.89525251611216,-3.7011083504955886,0.9799770290173739,-0.17568208386275266,-5.254955679790648
5717717717.717718,0.980720274464239,-0.1690969284456243,-5.304944004881811,0.08916652922441201,-20.995962755762424,-3.7088535685644115,0.08916652922441201,-20.995962755762424,-3.7088535685644115,0.9800998723054827,-0.1745933477586065,-5.2628223555535865
5723723723.723723,0.9808327524297183,-0.1681008083483918,-5.312469959758519,0.08813070197326313,-21.097455412966557,-3.716573585639969,0.08813070197326313,-21.097455412966557,-3.716573585639969,0.9802208094423988,-0.17352163879230342,-5.270664333670296
5729729729.72973,0.9809433980388885,-0.16712102729541273,-5.319975912397824,0.08709880675943872,-21.19975589441415,-3.7242686165773518,0.08709880675943872,-21.19975589441415,-3.7242686165773518,0.9803398552718311,-0.17246681916218223,-5.278481967244122
5735735735.735736,0.9810522249203287,-0.1661574591082543,-5.3274621684774734,0.08607072734275618,-21.302890540056882,-3.7319388683200603,0.08607072734275618,-21.302890540056882,-3.7319388683200603,0.980457024047295,-0.17142875645956202,-5.286275606327369
5741741741.741742,0.9811592461435024,-0.16520998270415943,-5.3349290313410815,0.08504634749340025,-21.406886668076737,-3.73958453964362,0.08504634749340025,-21.406886668076737,-3.73958453964362,0.9805723294425824,-0.17040732357023547,-5.294045598005543
5747747747.747747,0.9812644742281552,-0.1642784820078444,-5.342376802074279,0.08402555096497892,-21.511772622628655,-3.7472058208749863,0.08402555096497892,-21.511772622628655,-3.7472058208749863,0.9806857845616554,-0.169402398581317,-5.301792286481593
5753753753.753754,0.98136792115312,-0.16336284586876113,-5.349805779580888,0.08300822146683631,-21.617577824561863,-3.7548028935856705,0.08300822146683631,-21.617577824561863,-3.7548028935856705,0.9807974019479438,-0.16841386469358896,-5.3095160131601755
5759759759.75976,0.9814695983645366,-0.16246296798373067,-5.357216260659146,0.08199424263562041,-21.724332825341012,-3.7623759302562503,0.08199424263562041,-21.724332825341012,-3.7623759302562503,0.9809071935930654,-0.16744161013918651,-5.317217116731939
5765765765.765766,0.9815695167834941,-0.16157874682488846,-5.364608540077981,0.08098349800609689,-21.832069364408262,-3.7699250939097606,0.08098349800609689,-21.832069364408262,-3.7699250939097606,0.9810151709449734,-0.16648552810456374,-5.324895933257866
5771771771.771772,0.9816676868131095,-0.16071008557279642,-5.371982910653395,0.07997587098119825,-21.940820430249165,-3.777450537711163,0.07997587098119825,-21.940820430249165,-3.777450537711163,0.9811213449155188,-0.16554551665883743,-5.332552796253693
5777777777.777778,0.981764118345026,-0.15985689205486575,-5.379339663324964,0.07897124480130285,-22.050620325448214,-3.784952404529792,0.07897124480130285,-22.050620325448214,-3.784952404529792,0.9812257258874516,-0.16462147868730156,-5.340188036774428
5783783783.783784,0.9818588207653633,-0.15901907868880422,-5.386679087232474,0.07796950251272958,-22.161504736047096,-3.7924308264613744,0.07796950251272958,-22.161504736047096,-3.7924308264613744,0.9813283237208569,-0.16371332183011594,-5.347801983498993
5789789789.78979,0.981951802960094,-0.15819656243129787,-5.394001469792752,0.07697052693543786,-22.273510805546888,-3.799885924305826,0.07697052693543786,-22.273510805546888,-3.799885924305826,0.9814291477590164,-0.16282095842626937,-5.3553949628150175
5795795795.795795,0.982043073319876,-0.1573892647316574,-5.401307096776665,0.07597420062992043,-22.38667721392805,-3.807317806996659,0.07597420062992043,-22.38667721392805,-3.807317806996659,0.9815282068337119,-0.1619443054626463,-5.362967298903796
5801801801.801802,0.9821326397443217,-0.15659711149060357,-5.408596252386418,0.0749804058632699,-22.501044262097984,-3.814726570977325,0.0749804058632699,-22.501044262097984,-3.814726570977325,0.9816255092699708,-0.16108328452819856,-5.370519313825499
5807807807.807808,0.9822205096457188,-0.15582003302404698,-5.415869219333054,0.0739890245744129,-22.616653962214087,-3.8221122995192993,0.0739890245744129,-22.616653962214087,-3.8221122995192993,0.981721062890241,-0.1602378217733207,-5.3780513276045685
5813813813.813814,0.9823066899522004,-0.15505796403186728,-5.423126278914313,0.07299993833848402,-22.733550134376483,-3.8294750619762077,0.07299993833848402,-22.733550134376483,-3.8294750619762077,0.9818148750180115,-0.15940784787427958,-5.385563658315435
5819819819.81982,0.9823911871103619,-0.1543108435717274,-5.430367711092811,0.07201302833033076,-22.851778510231284,-3.8368149129675206,0.07201302833033076,-22.851778510231284,-3.8368149129675206,0.9819069524808692,-0.15859329800278335,-5.393056622168531
5825825825.825826,0.9824740070873282,-0.15357861503787462,-5.437593794574603,0.07102817528712586,-22.971386844081465,-3.844131891484652,0.07102817528712586,-22.971386844081465,-3.844131891484652,0.9819973016129928,-0.1577941118006677,-5.400530533596645
5831831831.831832,0.9825551553722649,-0.15286122614498254,-5.444804806888172,0.07004525947006952,-23.09242503216253,-3.8514260199114667,0.07004525947006952,-23.09242503216253,-3.8514260199114667,0.9820859282570777,-0.15701023335974523,-5.407985705341677
5837837837.837838,0.9826346369773393,-0.15215862891697257,-5.452001024463864,0.06906416062515967,-23.214945240808767,-3.8586973029502167,0.06906416062515967,-23.214945240808767,-3.8586973029502167,0.9821728377657024,-0.1562416112067349,-5.415422448541813
5843843843.843843,0.9827124564381204,-0.15147077968092024,-5.4591827227138525,0.06808475794300838,-23.339002044312167,-3.8659457264428085,0.06808475794300838,-23.339002044312167,-3.8659457264428085,0.982258035002115,-0.15548819829343777,-5.4228410728191765
5849849849.84985,0.982788617813423,-0.1507976390659816,-5.466350176112635,0.06710693001768145,-23.464652573361874,-3.8731712560761316,0.06710693001768145,-23.464652573361874,-3.8731712560761316,0.9823415243404489,-0.15474995199208705,-5.4302418863680035
5855855855.855856,0.9828631246845783,-0.1501391720074986,-5.473503658278127,0.06613055480454035,-23.59195667504794,-3.880373835958678,0.06613055480454035,-23.59195667504794,-3.880373835958678,0.9824233096653578,-0.15402683409595214,-5.4376251960433555
5861861861.861862,0.9829359801541504,-0.14949534775611392,-5.480643442053411,0.06515550957705708,-23.720977085522645,-3.887553387054119,0.06515550957705708,-23.720977085522645,-3.887553387054119,0.9825033943710679,-0.15331881082521037,-5.444991307450479
5867867867.867868,0.983007186844056,-0.14886613989226044,-5.48776979958916,0.06418167088258345,-23.851779616533545,-3.8947098054556113,0.06418167088258345,-23.851779616533545,-3.8947098054556113,0.9825817813598338,-0.15262585283819774,-5.452340525034797
5873873873.873874,0.9830767468931171,-0.14825152634576055,-5.494883002426825,0.06320891449704201,-23.984433357182354,-3.9018429604825173,0.06320891449704201,-23.984433357182354,-3.9018429604825173,0.9826584730398001,-0.1519479352480277,-5.459673152172628
5879879879.87988,0.9831446619540194,-0.1476514894207833,-5.50198332158262,0.06223711537851889,-24.11901089241862,-3.9089526925787075,0.06223711537851889,-24.11901089241862,-3.9089526925787075,0.9827334713222518,-0.15128503764472367,-5.466989491262681
5885885885.885886,0.9832109331896669,-0.14706601582622897,-5.509071027632345,0.06126614761973065,-24.25558853995561,-3.916038810988828,0.06126614761973065,-24.25558853995561,-3.916038810988828,0.9828067776182499,-0.15063714412287554,-5.474289843818358
5891891891.8918915,0.9832755612689305,-0.14649509671156707,-5.51614639079715,0.060295884399335094,-24.394246607497987,-3.9231010911856763,0.060295884399335094,-24.394246607497987,-3.9231010911856763,0.9828783928346339,-0.1500042433150118,-5.481574510560966
5897897897.897898,0.9833385463617784,-0.14593872770822774,-5.523209681030254,0.059326197932066754,-24.535069672399175,-3.9301392720179606,0.059326197932066754,-24.535069672399175,-3.9301392720179606,0.9829483173694062,-0.14938632843052113,-5.488843791513861
5903903903.903904,0.9833998881337679,-0.14539690897673663,-5.530261168104705,0.05835695941766569,-24.678146886130424,-3.9371530525434233,0.05835695941766569,-24.678146886130424,-3.9371530525434233,0.9830165511064315,-0.14878339730073803,-5.496097986097606
5909909909.90991,0.9834595857398988,-0.1448696452595707,-5.537301121702243,0.05738803898858061,-24.823572306241957,-3.944142088507118,0.05738803898858061,-24.823572306241957,-3.944142088507118,0.9830830934095098,-0.1481954524296487,-5.503337393226217
5915915915.915916,0.9835176378178062,-0.14435694593995302,-5.544329811503335,0.05641930565641782,-24.971445258842344,-3.951105988418729,0.05641930565641782,-24.971445258842344,-3.951105988418729,0.9831479431157403,-0.14762250105097632,-5.510562311404547
5921921921.921922,0.98357404248027,-0.14385882510677148,-5.551347507278442,0.05545062725711991,-25.12187073501594,-3.9580443091758206,0.05545062725711991,-25.12187073501594,-3.9580443091758206,0.9832110985282128,-0.14706455519128991,-5.517773038826895
5927927927.927928,0.9836287973070441,-0.14337530162559828,-5.55835447898061,0.05448187039485269,-25.274959825055227,-3.964956551171697,0.05448187039485269,-25.274959825055227,-3.964956551171697,0.9832725574079688,-0.14652163173967353,-5.524969873476919
5933933933.933934,0.98368189933597,-0.14290639921612508,-5.565350996839436,0.05351290038458686,-25.430830194910232,-3.9718421528169876,0.05351290038458686,-25.430830194910232,-3.9718421528169876,0.9833323169652487,-0.1459937525237961,-5.532153113228915
5939939939.9399395,0.983733345053356,-0.14245214653617636,-5.572337331456502,0.052543581193366266,-25.589606609866635,-3.9787004843926033,0.052543581193366266,-25.589606609866635,-3.9787004843926033,0.9833903738499765,-0.14548094439281026,-5.539323055950546
5945945945.945946,0.9837831303836124,-0.14201257727239322,-5.5793137539023725,0.05157377538025231,-25.751421511173053,-3.9855308411384267,0.05157377538025231,-25.751421511173053,-3.9855308411384267,0.9834467241414787,-0.1449832393071226,-5.546479999607135
5951951951.951952,0.9838312506781143,-0.14158773023783144,-5.586280535815203,0.0506033440349558,-25.916415652160026,-3.992332435465915,0.0506033440349558,-25.916415652160026,-3.992332435465915,0.9835013633374065,-0.14450067443529482,-5.553624242367561
5957957957.957958,0.9838777007032581,-0.14117764947677564,-5.593237949501088,0.04963214671516092,-26.084738801358384,-3.9991043881639463,0.04963214671516092,-26.084738801358384,-3.9991043881639463,0.983554286341841,-0.14403329225826322,-5.560756082711894
5963963963.963964,0.983922474627698,-0.14078238437690355,-5.600186268036207,0.04866004138257027,-26.256550521250624,-4.005845718444355,0.04866004138257027,-26.256550521250624,-4.005845718444355,0.9836054874525455,-0.14358114068120267,-5.567875819540844
5969969969.96997,0.9839655660087377,-0.1404019897890063,-5.607125765370896,0.04768688433770626,-26.432021032616063,-4.012555332646377,0.04768688433770626,-26.432021032616063,-4.012555332646377,0.9836549603473531,-0.14314427315311742,-5.574983752287111
5975975975.975976,0.9840069677778294,-0.14003652615470286,-5.614056716435714,0.04671253015352561,-26.611332175993326,-4.019232011386238,0.04671253015352561,-26.611332175993326,-4.019232011386238,0.9837026980696427,-0.1427227487946079,-5.582080181028786
5981981981.981982,0.9840466722251685,-0.1396860596422409,-5.6209793972496245,0.04573683160792698,-26.79467848363396,-4.0258743948984055,0.04573683160792698,-26.79467848363396,-4.0258743948984055,0.9837486930128851,-0.1423166325339508,-5.589165406604847
5987987987.9879875,0.9840846709833349,-0.13935066229084328,-5.6278940850304,0.04475963961525501,-26.982268377519055,-4.032480966266674,0.04475963961525501,-26.982268377519055,-4.032480966266674,0.9837929369042048,-0.1419259952519922,-5.596239730732912
5993993993.993994,0.9841209550099594,-0.13903041216376374,-5.634801058307365,0.0437808031569433,-27.17432551162984,-4.039050032184311,0.0437808031569433,-27.17432551162984,-4.039050032184311,0.9838354207869592,-0.14155091393583183,-5.603303456129367
6000000000.0,0.9841555145693598,-0.13872539351057975,-5.641700597036568,0.04280016921148132,-27.371090279798548,-4.045579700810345,0.04280016921148132,-27.371090279798548,-4.045579700810345,0.9838761350022412,-0.14119147184214642,-5.610356886631933
6006006006.006006,0.9841883392131223,-0.1384356969389074,-5.648592982718556,0.04181758268393976,-27.572821514235258,-4.052067856200244,0.04181758268393976,-27.572821514235258,-4.052067856200244,0.9839150691693229,-0.1408477586699881,-5.6174003273248845
6012012012.0120125,0.9842194177595742,-0.13816141959605616,-5.655478498518816,0.04083288633536517,-27.77979840437254,-4.0585121286792685,0.04083288633536517,-27.77979840437254,-4.0585121286792685,0.9839522121649481,-0.14051987074388056,-5.624434084666984
6018018018.018018,0.9842487382721072,-0.13790266536096044,-5.662357429391072,0.039845920712428574,-27.992322671186752,-4.064909860390349,0.039845920712428574,-27.992322671186752,-4.064909860390349,0.9839875521014549,-0.14020791120739337,-5.631458466622307
6024024024.024024,0.9842762880363002,-0.13765954504686514,-5.669230062203552,0.03885652407783219,-28.21072103887021,-4.071258065077378,0.03885652407783219,-28.21072103887021,-4.071258065077378,0.9840210763036693,-0.13991199022771528,-5.6384737827940965
6030030030.03003,0.9843020535357854,-0.13743217661525675,-5.676096685868348,0.03786453234210574,-28.43534805395474,-4.077553380950422,0.03786453234210574,-28.43534805395474,-4.077553380950422,0.9840527712845185,-0.13963222521168406,-5.645480344561781
6036036036.036036,0.9843260204268139,-0.13722068540144616,-5.682957591474074,0.03686977899760132,-28.666589312108695,-4.083792015207699,0.03686977899760132,-28.666589312108695,-4.083792015207699,0.9840826227193079,-0.13936874103378813,-5.652478465221352
6042042042.042042,0.9843481735114505,-0.13702520435242665,-5.6898130724219405,0.035872095055719304,-28.904865165355588,-4.089969678443973,0.035872095055719304,-28.904865165355588,-4.089969678443973,0.9841106154185971,-0.1391216702767073,-5.659468460129232
6048048048.048048,0.9843684967093399,-0.1368458742775246,-5.696663424565394,0.03487130898868411,-29.15063499805408,-4.0960815067323395,0.03487130898868411,-29.15063499805408,-4.0960815067323395,0.9841367332996225,-0.1388911534848748,-5.666450646849798
6054054054.054054,0.9843869730279786,-0.13668284411244297,-5.703508946353562,0.03386724667755567,-29.404402179507162,-4.102121968595723,0.03386724667755567,-29.404402179507162,-4.102121968595723,0.9841609593561883,-0.13867733943175464,-5.6734253453068115
6060060060.0600605,0.9844035845314205,-0.1365362711973423,-5.710349938978611,0.0328597313686547,-29.666719825680616,-4.108084753342305,0.0328597313686547,-29.666719825680616,-4.108084753342305,0.984183275626961,-0.1384803854014304,-5.680392877938842
6066066066.066066,0.9844183123073457,-0.13640632156958998,-5.717186706527245,0.031848583641214796,-29.938197533751413,-4.113962636267176,0.031848583641214796,-29.938197533751413,-4.113962636267176,0.9842036631620897,-0.1383004574851884,-5.687353569858969
6072072072.072072,0.9844311364324018,-0.1362931702719985,-5.724019556136551,0.030833621389911473,-30.21950929314903,-4.11974731493866,0.030833621389911473,-30.21950929314903,-4.11974731493866,0.9842221019880704,-0.13813773089385498,-5.694307749018932
6078078078.078078,0.9844420359357554,-0.13619700167711984,-5.730848798154359,0.0298146598270636,-30.511402828207515,-4.125429209076093,0.0298146598270636,-30.511402828207515,-4.125429209076093,0.9842385710707688,-0.1379923902866279,-5.701255746377933
6084084084.084084,0.9844509887607311,-0.13611800982869232,-5.737674746304364,0.02879151151080344,-30.81471069440092,-4.130997214223474,0.02879151151080344,-30.81471069440092,-4.130997214223474,0.9842530482765138,-0.13786463011723232,-5.708197896076352
6090090090.09009,0.9844579717244792,-0.13605639880077752,-5.744497717856246,0.027763986407597873,-31.13036353773954,-4.1364383962928155,0.027763986407597873,-31.13036353773954,-4.1364383962928155,0.9842655103311607,-0.13775465499827338,-5.715134535614601
6096096096.096096,0.9844629604755485,-0.1360123830757063,-5.751318033800987,0.026731892000350213,-31.459406042801913,-4.141737609749881,0.026731892000350213,-31.459406042801913,-4.141737609749881,0.9842759327770297,-0.13766268008466945,-5.722066006037352
6102102102.102102,0.9844659294492579,-0.135986187941783,-5.758136019031674,0.02569503345728066,-31.803016249747085,-4.146877016234468,0.02569503345728066,-31.803016249747085,-4.146877016234468,0.9842842899275958,-0.13758893147726758,-5.728992652123429
6108108108.1081085,0.9844668518207619,-0.13597804991171428,-5.764952002530032,0.02465321388237687,-32.16252912984545,-4.151835471987713,0.02465321388237687,-32.16252912984545,-4.151835471987713,0.9842905548198273,-0.1375336466475717,-5.735914822581612
6114114114.114115,0.9844656994556872,-0.13598821716285256,-5.7717663175589555,0.02360623467620695,-32.539465594939976,-4.1565877404425375,0.02360623467620695,-32.539465594939976,-4.1565877404425375,0.9842946991640482,-0.13749707488472607,-5.742832870252665
6120120120.12012,0.9844624428582021,-0.13601695000052552,-5.778579301861342,0.022553896047472547,-32.935568511848075,-4.161103468930364,0.022553896047472547,-32.935568511848075,-4.161103468930364,0.9842966932911914,-0.13747947776593705,-5.7497471523178705
6126126126.126126,0.9844570511163914,-0.13606452134558866,-5.785391297865527,0.02149599773275324,-33.352847847624304,-4.1653458428473344,0.02149599773275324,-33.352847847624304,-4.1653458428473344,0.9842965060972949,-0.1374811296516861,-5.756658030514413
6132132132.132133,0.9844494918447929,-0.13613121724751798,-5.792202652897626,0.02043234000750125,-33.7936378615261,-4.1692697922729565,0.02043234000750125,-33.7936378615261,-4.1692697922729565,0.9842941049851115,-0.13750231820690562,-5.763565871357923
6138138138.138138,0.9844397311239261,-0.13621733742456854,-5.799013719401136,0.019362725110446934,-34.26067040218181,-4.172819567501607,0.019362725110446934,-34.26067040218181,-4.172819567501607,0.9842894558026613,-0.13754334494966067,-5.770471046372547
6144144144.144144,0.9844277334366701,-0.1363231958323028,-5.80582485516413,0.018286959264628654,-34.75717005053559,-4.175925408716049,0.018286959264628654,-34.75717005053559,-4.175925408716049,0.9842825227785577,-0.13760452582887395,-5.777373932328908
6150150150.15015,0.9844134616012935,-0.13644912126227496,-5.812636423554428,0.017204855575773947,-35.28697937327914,-4.178498889503803,0.017204855575773947,-35.28697937327914,-4.178498889503803,0.9842732684539413,-0.13768619183260267,-5.784274911490358
6156156156.156157,0.9843968767009633,-0.1365954579724468,-5.819448793763128,0.01611623824863374,-35.85472641998675,-4.180426275723151,0.01611623824863374,-35.85472641998675,-4.180426275723151,0.9842616536108164,-0.13778868962872118,-5.791174371867896
6162162162.162163,0.9843779380095345,-0.13676256635113554,-5.826262341056897,0.015020948831709756,-36.466052665730494,-4.181558839985844,0.015020948831709756,-36.466052665730494,-4.181558839985844,0.9842476371966027,-0.13791238223972627,-5.798072707484246
6168168168.168168,0.9843566029133941,-0.13695082361655003,-5.8330774470394715,0.013918855671417181,-37.127929369247184,-4.181698373913498,0.013918855671417181,-37.127929369247184,-4.181698373913498,0.984231176244673,-0.13805764975373291,-5.804970318647467
6174174174.174174,0.9843328268291567,-0.13716062455376407,-5.839894499922804,0.012809868608508398,-37.8491064962732,-4.1805748803534755,0.012809868608508398,-37.8491064962732,-4.1805748803534755,0.9842122257906588,-0.13822489007366667,-5.811867612234654
6180180180.18018,0.9843065631169472,-0.1373923822915357,-5.846713894808332,0.011693962558435427,-38.64076602028925,-4.177811056463107,0.011693962558435427,-38.64076602028925,-4.177811056463107,0.9841907387842698,-0.13841451970694185,-5.818765001986174
6186186186.186186,0.9842777629890307,-0.13764652912115877,-5.853536033978891,0.010571216809538465,-39.51750039906842,-4.172863494985189,0.010571216809538465,-39.51750039906842,-4.172863494985189,0.9841666659963776,-0.13862697459792317,-5.825662908810994
6192192192.192192,0.9842463754135119,-0.13792351735987757,-5.860361327201767,0.009441883583151081,-40.498827173004784,-4.164920744554681,0.009441883583151081,-40.498827173004784,-4.164920744554681,0.9841399559210677,-0.1388627110058554,-5.832561761103644
6198198198.198198,0.9842123470128061,-0.13822382026158664,-5.867190192043496,0.008306514505222089,-41.61162344415543,-4.152716516003714,0.008306514505222089,-41.61162344415543,-4.152716516003714,0.9841105546723867,-0.13912220643076095,-5.839461995073448
6204204204.204205,0.984175621956579,-0.13854793297758167,-5.87402305419695,0.007166210575678006,-42.89420868892612,-4.134163484851046,0.007166210575678006,-42.89420868892612,-4.134163484851046,0.9840784058754432,-0.13940596059041804,-5.846364055086576
6210210210.210211,0.9841361418488155,-0.13889637357046433,-5.880860347821359,0.006023161217426947,-44.40351024480067,-4.105572476676867,0.006023161217426947,-44.40351024480067,-4.105572476676867,0.9840434505515432,-0.1397144964513439,-5.853268394021631
6216216216.216216,0.9840938456086654,-0.13926968408442483,-5.88770251589593,0.004881945672719955,-46.228141156177585,-4.059800443042176,0.004881945672719955,-46.228141156177585,-4.059800443042176,0.9840056269969851,-0.14004836131721432,-5.860175473639451
6222222222.222222,0.9840486693446883,-0.1396684316753673,-5.894550010587741,0.0037531859748620587,-48.51199830483583,-3.9812141157636196,0.0037531859748620587,-48.51199830483583,-3.9812141157636196,0.9839648706551343,-0.1404081279781889,-5.867085764967841
6228228228.228228,0.9840005462220816,-0.1400932098046723,-5.901403293634627,0.0026661358464297145,-51.48235451891016,-3.829491881849303,0.0026661358464297145,-51.48235451891016,-3.829491881849303,0.9839211139813668,-0.14079439592491205,-5.873999748702021
6234234234.234234,0.9839494063224735,-0.1405446395004557,-5.908262836743892,0.0017244372098064024,-55.26705229071648,-3.4817529583792237,0.0017244372098064024,-55.26705229071648,-3.4817529583792237,0.9838742863004316,-0.14120779263132616,-5.880917915621623
6240240240.24024,0.9838951764958003,-0.14102337069072057,-5.91512912200759,0.0013271607436761176,-57.541529457349995,-2.707058839407198,0.0013271607436761176,-57.541529457349995,-2.707058839407198,0.9838243136557648,-0.14164897491056427,-5.887840767025085
6246246246.246246,0.9838377802037789,-0.1415300836128943,-5.922002642335298,0.0018852884456803621,-54.49244388228045,-2.0058582710330053,0.0018852884456803621,-54.49244388228045,-2.0058582710330053,0.9837711186502489,-0.1421186303486018,-5.894768815182351
6252252252.252253,0.9837771373544413,-0.14206549030467183,-5.92888390190526,0.002905177655138606,-50.736546096541645,-1.708268749325858,0.002905177655138606,-50.736546096541645,-1.708268749325858,0.9837146202778713,-0.14261747882066725,-5.901702583806876
6258258258.258259,0.9837131641271583,-0.14263033618142004,-5.935773416634892,0.004063348699341566,-47.82231813529896,-1.5744033003850888,0.004063348699341566,-47.82231813529896,-1.5744033003850888,0.9836547337457111,-0.143146274095684,-5.908642608547935
6264264264.264264,0.9836457727875431,-0.143225401705768,-5.942671714671658,0.005278608620309508,-45.549610746876354,-1.5033803628022282,0.005278608620309508,-45.549610746876354,-1.5033803628022282,0.9835913702856174,-0.14370580553460516,-5.91558943750433
6270270270.27027,0.9835748714915721,-0.14385150415549303,-5.949579336905428,0.006526954485659534,-43.70578831508868,-1.4614333523150371,0.006526954485659534,-43.70578831508868,-1.4614333523150371,0.9835244369549225,-0.14429689988869254,-5.9225436317606635
6276276276.276276,0.9835003640782332,-0.14450949949607447,-5.956496837503427,0.00779941692871333,-42.15875726441461,-1.4350529640770007,0.00779941692871333,-42.15875726441461,-1.4350529640770007,0.9834538364254741,-0.14492042320436932,-5.9295057659473684
6282282282.282282,0.9834221498499308,-0.14520028436503396,-5.963424784469046,0.009092116933630073,-40.82669974907833,-1.4179170113506279,0.009092116933630073,-40.82669974907833,-1.4179170113506279,0.9833794667602086,-0.14557728284181576,-5.936476428825818
6288288288.288288,0.9833401233398418,-0.14592479817552778,-5.970363760225756,0.010403259798177782,-39.65661111684145,-1.406702058836098,0.010403259798177782,-39.65661111684145,-1.406702058836098,0.9833012211764502,-0.14626842961487188,-5.9434562238998785
6294294294.294294,0.9832541740653629,-0.1466840253471472,-5.977314362227547,0.011732031667052544,-38.6125354688798,-1.3995024892240977,0.011732031667052544,-38.6125354688798,-1.3995024892240977,0.9832189877950485,-0.14699486006046666,-5.950445770055347
6300300300.300301,0.9831641862666936,-0.14747899767279993,-5.98427720359731,0.013078132365787986,-37.66908542779603,-1.395150264482387,0.013078132365787986,-37.66908542779603,-1.395150264482387,0.9831326493743932,-0.14775761884647737,-5.957445702228857
6306306306.306307,0.9830700386295589,-0.14831079683091336,-5.9912529137947175,0.014441555250687852,-36.80772067768135,-1.392890769527212,0.014441555250687852,-36.80772067768135,-1.392890769527212,0.9830420830282897,-0.14855780132748486,-5.964456672107852
6312312312.312313,0.9829716039909879,-0.14918055705304673,-5.998242139315266,0.015822474533078692,-36.01451189335246,-1.3922153464109948,0.015822474533078692,-36.01451189335246,-1.3922153464109948,0.9829471599265951,-0.14939655625863932,-5.971479348863416
6318318318.318318,0.9828687490269902,-0.15008946795769404,-6.0052455444221975,0.017221183751274155,-35.27873998566483,-1.392768951709646,0.017221183751274155,-35.27873998566483,-1.392768951709646,0.9828477449774149,-0.15027508867881706,-5.97851441991778
6324324324.324325,0.9827613339208434,-0.15103877756225736,-6.012263811913148,0.01863806041112687,-34.591985698625074,-1.3942964349395162,0.01863806041112687,-34.591985698625074,-1.3942964349395162,0.982743696489603,-0.151194662974797,-5.985562591748502
6330330330.33033,0.982649212010687,-0.15202979548540843,-6.01929764392353,0.020073544840113214,-33.94751855068893,-1.3966098537880858,0.020073544840113214,-33.94751855068893,-1.3966098537880858,0.9826348658141665,-0.15215660613951332,-5.992624590731403
6336336336.336336,0.9825322294149165,-0.15306389635387613,-6.026347762768718,0.02152812716119146,-33.33987499938561,-1.39956781881049,0.02152812716119146,-33.33987499938561,-1.39956781881049,0.9825210969631077,-0.15316231123810825,-5.999701164024523
6342342342.342342,0.9824102246338355,-0.15414252342813323,-6.033414911827259,0.023002339111591504,-32.76455996521045,-1.403062007839478,0.023002339111591504,-32.76455996521045,-1.403062007839478,0.9824022262040916,-0.15421324109689058,-6.006793080495424
6348348348.348349,0.9822830281258572,-0.15526719246299522,-6.04049985646751,0.024496748865662776,-32.217831001193666,-1.4070081089903208,0.024496748865662776,-32.217831001193666,-1.4070081089903208,0.9822780816292179,-0.1553109322313238,-6.013901131694429
6354354354.354355,0.9821504618564149,-0.15643949582040195,-6.047603385020226,0.02601195778623397,-31.69653918925427,-1.4113395855353392,0.02601195778623397,-31.69653918925427,-1.4113395855353392,0.9821484826960291,-0.15645699903062846,-6.021026132876471
6360360360.360361,0.982012338817614,-0.15766110685291376,-6.05472630979975,0.027548598454773966,-31.198009822879882,-1.4160032886700185,0.027548598454773966,-31.198009822879882,-1.4160032886700185,0.9820132397387297,-0.15765313821801502,-6.028168924074406
6366366366.366366,0.9818684625164744,-0.15893378457817892,-6.061869468176753,0.029107333576395267,-30.71995153952138,-1.420956310010783,0.029107333576395267,-30.71995153952138,-1.420956310010783,0.9818721534474609,-0.1589011336069152,-6.035330371226918
6372372372.372373,0.9817186264294447,-0.1602593786662557,-6.0690337237055125,0.03068885550219182,-30.260386153390854,-1.426163683965729,0.03068885550219182,-30.260386153390854,-1.426163683965729,0.9817250143132417,-0.1602028611757307,-6.04251136736424
6378378378.378378,0.9815626134206915,-0.16163983476340546,-6.07621996730904,0.03229388620125605,-29.81759378890675,-1.431596684116982,0.03229388620125605,-29.81759378890675,-1.431596684116982,0.9815716020360512,-0.16156029448500867,-6.0497128338551915
6384384384.384384,0.9814001951214372,-0.1630772001781813,-6.083429118525521,0.03392317757129632,-29.39006948618047,-1.4372315421074853,0.03392317757129632,-29.39006948618047,-1.4372315421074853,0.9814116848932786,-0.16297551046334083,-6.056935721719306
6390390390.39039,0.9812311312674151,-0.1645736299576402,-6.090662126819797,0.03557751201324344,-28.97648852060099,-1.4430484718507106,0.03557751201324344,-28.97648852060099,-1.4430484718507106,0.9812450190655401,-0.16445069559045256,-6.064181013007967
6396396396.396397,0.9810551689912363,-0.16613139338415625,-6.09791997296387,0.037257703219296626,-28.575678420856818,-1.4490309175975686,0.037257703219296626,-28.575678420856818,-1.4490309175975686,0.9810713479166425,-0.16598815250816507,-6.0714497222588895
6402402402.402403,0.9808720420662336,-0.16775288092557666,-6.105203670490637,0.038964597140034016,-28.18659619255842,-1.4551649683206576,0.038964597140034016,-28.18659619255842,-1.4551649683206576,0.9808904012241305,-0.16759030709316314,-6.0787428980284295
6408408408.408409,0.980681470097999,-0.16944061167483981,-6.112514267225446,0.04069907310734123,-27.80830962824784,-1.4614388971810668,0.04069907310734123,-27.80830962824784,-1.4614388971810668,0.9807018943566506,-0.16925971602760614,-6.08606162450665
6414414414.414414,0.9804831576595585,-0.17119724131790065,-6.119852846900286,0.04246204509769972,-27.439981855187003,-1.4678427961311376,0.04246204509769972,-27.439981855187003,-1.4678427961311376,0.9805055273939228,-0.17099907490785385,-6.093407023220325
6420420420.420421,0.9802767933657319,-0.17302557067264496,-6.127220530855801,0.04425446312594431,-27.08085847074655,-1.4743682836352903,0.04425446312594431,-27.08085847074655,-1.4743682836352903,0.980300984184856,-0.1728112269341993,-6.1007802548294805
6426426426.426426,0.9800620488818765,-0.1749285548449869,-6.134618479836702,0.046077314763676235,-26.730256762399165,-1.4810082691357702,0.046077314763676235,-26.730256762399165,-1.4810082691357702,0.9800879313388755,-0.17469917222902728,-6.10818252102343
6432432432.432432,0.979838577861743,-0.17690931305294005,-6.142047895886486,0.04793162677956336,-26.38755661966421,-1.487756761958418,0.04793162677956336,-26.38755661966421,-1.487756761958418,0.9798660171451273,-0.17666607783489063,-6.115615066522731
6438438438.438438,0.9796060148087631,-0.17897113917358298,-6.149510024347871,0.04981846690108973,-26.05219282890139,-1.4946087153203649,0.04981846690108973,-26.05219282890139,-1.4946087153203649,0.9796348704137513,-0.1787152884486662,-6.123079181193913
6444444444.444445,0.9793639738545064,-0.18111751307357163,-6.157006155975718,0.05173894569916984,-25.723648505701423,-1.501559898287961,0.05173894569916984,-25.723648505701423,-1.501559898287961,0.9793940992328856,-0.18085033795325167,-6.130576202284338
6450450450.450451,0.9791120474475519,-0.1833521127888495,-6.164537629169773,0.05369421859853127,-25.40144946884861,-1.5086067901612916,0.05369421859853127,-25.40144946884861,-1.5086067901612916,0.9791432896344954,-0.1830749618139716,-6.138107516785096
6456456456.456457,0.978849804945355,-0.18567882762584054,-6.1721058323350695,0.05568548801804199,-25.08515939808603,-1.5157464929851459,0.05568548801804199,-25.08515939808603,-1.5157464929851459,0.9788820041614911,-0.18539311041318224,-6.145674563930405
6462462462.462462,0.9785767911010231,-0.1881017722631489,-6.17971220637835,0.05771400564624431,-24.774375647879992,-1.522976658814102,0.05771400564624431,-24.774375647879992,-1.522976658814102,0.9786097803279052,-0.18780896340358164,-6.153278837842613
6468468468.468469,0.9782925244361793,-0.1906253019402488,-6.187358247349575,0.0597810748583478,-24.468725613016495,-1.5302954290688737,0.0597810748583478,-24.468725613016495,-1.5302954290688737,0.9783261289631512,-0.19032694516833654,-6.160921890332568
6474474474.474474,0.9779964954902468,-0.1932540288282268,-6.195045509238126,0.06188805328184334,-24.167863560637212,-1.5377013838679574,0.06188805328184334,-24.167863560637212,-1.5377013838679574,0.9780305324305261,-0.192951741484859,-6.168605333865853
6480480480.48048,0.9776881649355988,-0.19599283968674402,-6.202775606934139,0.0640363555187749,-23.871467858329176,-1.545193499643218,0.0640363555187749,-23.871467858329176,-1.545193499643218,0.9777224427092049,-0.1956883174984654,-6.17633084470619
6486486486.486486,0.9773669615470129,-0.19884691492169895,-6.210550219366078,0.06622745603354126,-23.57923853995446,-1.5527711136802664,0.06622745603354126,-23.57923853995446,-1.5527711136802664,0.9774012793279823,-0.1985419371223658,-6.184100166248099
6492492492.492493,0.9770322800127528,-0.20182174916956455,-6.218371092826517,0.06846289221596057,-23.290895160667375,-1.560433894486154,0.06846289221596057,-23.290895160667375,-1.560433894486154,0.9770664271378325,-0.20151818399259075,-6.1919151125519
6498498498.498499,0.9766834785734033,-0.20492317354684336,-6.226240044499025,0.07074426763017086,-23.00617490051025,-1.56818181709427,0.07074426763017086,-23.00617490051025,-1.56818181709427,0.9767172339091911,-0.20462298411873078,-6.199777572095087
6504504504.504505,0.9763198764732153,-0.20815737971728387,-6.234158966199915,0.07307325546081207,-22.724830882472208,-1.5760151425819011,0.07307325546081207,-22.724830882472208,-1.5760151425819011,0.9763530077384223,-0.20786263038623942,-6.207689511755145
6510510510.51051,0.9759407512072414,-0.21153094594502675,-6.242129828349769,0.0754516021688501,-22.44663067622958,-1.5839344012088907,0.0754516021688501,-22.44663067622958,-1.5839344012088907,0.9759730142464738,-0.21124380908155896,-6.215652981040132
6516516516.516517,0.9755453355458915,-0.2150508653192562,-6.2501546841906555,0.0778811313703175,-22.17135496319498,-1.591940378693175,0.0778811313703175,-22.17135496319498,-1.591940378693175,0.9755764735510032,-0.21477362862935662,-6.223670116584493
6522522522.522522,0.9751328143167045,-0.21872457635533288,-6.258235674266214,0.0803637479522328,-21.898796342155112,-1.6000341052264198,0.0803637479522328,-21.898796342155112,-1.6000341052264198,0.9751625569914211,-0.21845965075078133,-6.231743146928989
6528528528.528528,0.9747023209211314,-0.22255999619883143,-6.266375031183084,0.08290144244098235,-21.62875825782223,-1.6082168469044624,0.08290144244098235,-21.62875825782223,-1.6082168469044624,0.9747303835842422,-0.22230992427361498,-6.23987439760505
6534534534.534534,0.9742529335618452,-0.22656555668329995,-6.274575084673466,0.0854962956395043,-21.36105403717321,-1.6164900993061693,0.0854962956395043,-21.36105403717321,-1.6164900993061693,0.9742790161838207,-0.22633302185009463,-6.248066296545479
6540540540.540541,0.9737836711536549,-0.23075024351906723,-6.2828382669802,0.08815048355074206,-21.09550602059029,-1.6248555830031872,0.08815048355074206,-21.09550602059029,-1.6248555830031872,0.973807457321066,-0.23053807986517236,-6.256321379845059
6546546546.546547,0.9732934888882878,-0.23512363892099725,-6.291167118587257,0.09086628260599722,-20.831944776624546,-1.6333152408239324,0.09086628260599722,-20.831944776624546,-1.6333152408239324,0.9733146446898545,-0.2349348418493621,-6.264642297896537
6552552552.552553,0.9727812734202851,-0.23969596801635226,-6.299564294320332,0.09364607521803699,-20.570208390733214,-1.64187123672959,0.09364607521803699,-20.570208390733214,-1.64187123672959,0.9727994462477969,-0.2395337057441287,-6.273031821929379
6558558558.558558,0.9722458376377979,-0.244478149412173,-6.308032569843987,0.09649235568006831,-20.310141819645352,-1.6505259561890488,0.09649235568006831,-20.310141819645352,-1.6505259561890488,0.9722606548944962,-0.2443457754068232,-6.2814928509808485
6564564564.564565,0.9716859149783336,-0.24948185034345513,-6.316574848583877,0.09940773643302069,-20.051596304121148,-1.6592820079648771,0.09940773643302069,-20.051596304121148,-1.6592820079648771,0.9716969826865879,-0.24938291678531804,-6.290028419331245
6570570570.57057,0.9711001532452253,-0.25471954687151904,-6.325194169104573,0.10239495472491919,-19.79442883382641,-1.6681422272441278,0.10239495472491919,-19.79442883382641,-1.6681422272441278,0.9711070545445583,-0.2546578192410936,-6.298641704437626
6576576576.576576,0.9704871078759321,-0.26020458965521065,-6.333893712975864,0.10545687968752572,-19.538501658865492,-1.6771096800668348,0.10545687968752572,-19.538501658865492,-1.6771096800668348,0.9704894014015397,-0.2601840625543262,-6.307336035402986
6582582582.582582,0.9698452346080639,-0.26595127587759276,-6.342676813162697,0.10859651985682446,-19.283681843229772,-1.6861876690219961,0.10859651985682446,-19.283681843229772,-1.6861876690219961,0.9698424527389508,-0.2659761902060821,-6.3161149020206855
6588588588.588589,0.9691728814831255,-0.2719749279792584,-6.351546962976546,0.11181703116534301,-19.029840856039083,-1.6953797401960664,0.11181703116534301,-19.029840856039083,-1.6953797401960664,0.9691645284478977,-0.2720497896021735,-6.324981964437044
6594594594.594595,0.9684682801215484,-0.27829197992522386,-6.36050782562859,0.11512172543568182,-18.776854196998883,-1.7046896913728748,0.11512172543568182,-18.776854196998883,-1.7046896913728748,0.968453829948645,-0.2784215799813534,-6.333941063478156
6600600600.600601,0.9677295361952644,-0.28492007181933543,-6.369563244427962,0.11851407940598735,-18.524601052974866,-1.714121581496804,0.11851407940598735,-18.524601052974866,-1.714121581496804,0.9677084304930266,-0.2851095088393111,-6.34299623169059
6606606606.6066065,0.9669546190160349,-0.2918781537773078,-6.378717253671209,0.12199774431934049,-18.27296398301647,-1.7236797414231038,0.12199774431934049,-18.27296398301647,-1.7236797414231038,0.9669262645664642,-0.2921328577994913,-6.352151705149176
6612612612.612613,0.9661413501486584,-0.2991866000805927,-6.387974090272207,0.1255765561102083,-18.021828629541552,-1.7333687859908813,0.1255765561102083,-18.021828629541552,-1.7333687859908813,0.9661051162970008,-0.29951235897539463,-6.3614119360891115
6618618618.618618,0.9652873909481718,-0.30686733475782263,-6.397338206184891,0.12925454622202343,-17.771083453745703,-1.743193627465377,0.12925454622202343,-17.771083453745703,-1.743193627465377,0.9652426067685026,-0.3072703229969779,-6.370781606423614
6624624624.624624,0.964390228908827,-0.3149439698833012,-6.406814281674377,0.1330359530906919,-17.520619493616962,-1.7531594904072227,0.1330359530906919,-17.520619493616962,-1.7531594904072227,0.9643361801236847,-0.3154307800195045,-6.3802656422127075
6630630630.6306305,0.9634471627001429,-0.32344195804254294,-6.4164072394952685,0.13692523432915252,-17.270330143237032,-1.763271928037145,0.13692523432915252,-17.270330143237032,-1.763271928037145,0.9633830883297904,-0.324019635198502,-6.389869229153142
6636636636.636637,0.9624552857512441,-0.3323887605987448,-6.426122260039121,0.1409270796480366,-17.020110952330047,-1.7735368401755423,0.1409270796480366,-17.020110952330047,-1.7735368401755423,0.9623803744654381,-0.3330648403025167,-6.399597829164057
6642642642.642643,0.961411468229105,-0.34181403360215445,-6.435964797516114,0.1450464245467798,-16.76985944529146,-1.783960492847338,0.1450464245467798,-16.76985944529146,-1.783960492847338,0.9613248543711675,-0.3425965833494466,-6.409457198147696
6648648648.648649,0.9603123372388326,-0.35174983342223254,-6.445940597238728,0.1492884648080365,-16.519474959197492,-1.7945495396535869,0.1492884648080365,-16.519474959197492,-1.7945495396535869,0.9602130964883789,-0.352647498396274,-6.419453405009017
6654654654.6546545,0.9591542550546859,-0.36223084445334736,-6.456055714077841,0.15365867182588347,-16.26885850055618,-1.8053110450227805,0.15365867182588347,-16.26885850055618,-1.8053110450227805,0.9590413996914761,-0.36325289789050313,-6.429592852022856
6660660660.660661,0.9579332951688742,-0.373294631554057,-6.466316532163418,0.1581628087945459,-16.017912620835016,-1.8162525094662603,0.1581628087945459,-16.017912620835016,-1.8162525094662603,0.9578057688958518,-0.3744510303098583,-6.439882296641426
6666666666.666666,0.9566452159210495,-0.3849819202339308,-6.476729785903248,0.1628069477791851,-15.766541311076727,-1.827381896973943,0.1628069477791851,-15.766541311076727,-1.827381896973943,0.9565018881996945,-0.38628336618067693,-6.450328874839041
6672672672.672672,0.9552854314446411,-0.39733690800643573,-6.487302582393283,0.16759748768310326,-15.514649916208258,-1.8387076646985208,0.16759748768310326,-15.514649916208258,-1.8387076646985208,0.9551250912901681,-0.39879491598220734,-6.460940126094288
6678678678.6786785,0.9538489796364958,-0.41040761078985466,-6.498042425291777,0.17254117311607733,-15.262145069963344,-1.850238795088199,0.17254117311607733,-15.262145069963344,-1.850238795088199,0.9536703288140481,-0.4120345839221245,-6.471724020112263
6684684684.684685,0.9523304868233932,-0.4242462487700421,-6.5089572402263105,0.17764511415592157,-15.008934651677935,-1.8619848306399869,0.17764511415592157,-15.008934651677935,-1.8619848306399869,0.9521321323792294,-0.4260555621165828,-6.482688985390685
6690690690.690691,0.9507241287627345,-0.4389096767489972,-6.5200554017971095,0.18291680697899348,-14.75492776659105,-1.8739559114571158,0.18291680697899348,-14.75492776659105,-1.8739559114571158,0.9505045748162363,-0.4409157703386555,-6.493843939733099
6696696696.696697,0.9490235875748514,-0.4544598647040129,-6.53134576223118,0.18836415531438389,-14.500034751695852,-1.8861628158051396,0.18836415531438389,-14.500034751695852,-1.8861628158051396,0.9487812262878776,-0.4566783472236696,-6.505198322809372
6702702702.702703,0.9472220041606295,-0.47096443508902475,-6.542837681728791,0.19399549264984625,-14.244167209647065,-1.8986170038712067,0.19399549264984625,-14.244167209647065,-1.8986170038712067,0.9469551057902185,-0.47341219965458037,-6.516762130857538
6708708708.708709,0.94531192561057,-0.4884972643378154,-6.554541060525492,0.19981960508392554,-13.987238073745987,-1.9113306649394364,0.19981960508392554,-13.987238073745987,-1.9113306649394364,0.9450186275389518,-0.4911926180126857,-6.528545953610777
6714714714.714715,0.9432852470599398,-0.5071391570977788,-6.566466372667632,0.20584575467654842,-13.729161707608364,-1.924316768201405,0.20584575467654842,-13.729161707608364,-1.924316768201405,0.9429635416820734,-0.5101019660887143,-6.540561013517542
6720720720.72072,0.9411331473893021,-0.526978602956782,-6.578624701465549,0.2120837030977541,-13.469854043779142,-1.9375891174236626,0.2120837030977541,-13.469854043779142,-1.9375891174236626,0.9407808687225133,-0.5302304557312607,-6.552819207300163
6726726726.726727,0.9388460181111075,-0.5481126268477887,-6.591027776543678,0.21854373530892923,-13.209232766305888,-1.9511624096926992,0.21854373530892923,-13.209232766305888,-1.9511624096926992,0.9384608269734226,-0.5516770177913402,-6.565333149865546
6732732732.732733,0.9364133847215858,-0.5706477459588721,-6.6036880123479245,0.22523668293007973,-12.947217543133647,-1.9650522984502365,0.22523668293007973,-12.947217543133647,-1.9650522984502365,0.9359927523048198,-0.574550282635541,-6.578116220538213
6738738738.738739,0.9338238197341276,-0.594701047873912,-6.616618547894182,0.23217394684713502,-12.683730315147649,-1.9792754610163588,0.23217394684713502,-12.683730315147649,-1.9792754610163588,0.9333650093741971,-0.5989696854848906,-6.591182611528031
6744744744.744745,0.9310648465473278,-0.6204014068624013,-6.629833287443009,0.23936751849095897,-12.418695649787344,-1.993849670772153,0.23936751849095897,-12.418695649787344,-1.993849670772153,0.9305648934671404,-0.6250667141356754,-6.604547378468215
6750750750.7507515,0.928122833240371,-0.6478908577718284,-6.64334694165847,0.24682999906999997,-12.152041168399052,-2.0087938741340396,0.24682999906999997,-12.152041168399052,-2.0087938741340396,0.9275785220094535,-0.6529863192831558,-6.618226492758625
6756756756.756757,0.9249828753338486,-0.6773261499081558,-6.657175068647011,0.25457461585589125,-11.883698057898503,-2.024128272395188,0.25457461585589125,-11.883698057898503,-2.024128272395188,0.9243907147528845,-0.6828885107611651,-6.632236895318988
6762762762.762763,0.9216286665104801,-0.7088805066790705,-6.671334114065318,0.262615234399139,-11.613601678900858,-2.0398744084299674,0.262615234399139,-11.613601678900858,-2.0398744084299674,0.9209848615873806,-0.7149501665971913,-6.646596551188044
6768768768.768768,0.9180423562641256,-0.7427456206935692,-6.6858414492235285,0.27096636528289,-11.341692284253671,-2.0560552581495113,0.27096636528289,-11.341692284253671,-2.0560552581495113,0.9173427769001531,-0.7493670859468362,-6.661324504188346
6774774774.774775,0.9142043934460501,-0.7791339185406027,-6.700715405777449,0.2796431636979661,-11.067915863888993,-2.072695326452496,0.2796431636979661,-11.067915863888993,-2.072695326452496,0.9134445393947265,-0.7863563218069127,-6.6764409305998855
6780780780.780781,0.9100933547169473,-0.8182811347002152,-6.715975305182559,0.2886614197318889,-10.792225134106172,-2.0898207472256867,0.2886614197318889,-10.792225134106172,-2.0898207472256867,0.9092683163136105,-0.8261588350210223,-6.691967190433498
6786786786.786787,0.9056857570077261,-0.860449240078847,-6.731641480551704,0.2980375367978872,-10.514580691793295,-2.1074593867027436,0.2980375367978872,-10.514580691793295,-2.1074593867027436,0.9047901710919735,-0.8690425176136605,-6.70792587444797
6792792792.792793,0.9009558532630072,-0.9059297776216714,-6.7477352878889105,0.3077884950746636,-10.234952356690574,-2.125640949172776,0.3077884950746636,-10.234952356690574,-2.125640949172776,0.899983853627856,-0.9153056410629966,-6.724340844488577
6798798798.7987995,0.8958754110162145,-0.9550476654717466,-6.7642791028295655,0.31793179617222844,-9.953320727542142,-2.144397083626524,0.31793179617222844,-9.953320727542142,-2.144397083626524,0.8948205726140007,-0.9652807939213972,-6.7412372640101585
6804804804.804805,0.8904134737599386,-1.0081655373636718,-6.781296297958012,0.32848538447098946,-9.669678980824214,-2.163761489417376,0.32848538447098946,-9.669678980824214,-2.163761489417376,0.8892687497727084,-1.019339383412009,-6.758641614746921
6810810810.810811,0.8845361056754933,-1.0656887005210343,-6.798811194443438,0.33946753969041005,-9.38403494356453,-2.1837700183744295,0.33946753969041005,-9.38403494356453,-2.1837700183744295,0.8832937564128172,-1.077896787504247,-6.7765816943585095
6816816816.816816,0.8782061211290546,-1.1280708034504991,-6.816848980065322,0.35089673422269285,-9.096413474430188,-2.2044607700087377,0.35089673422269285,-9.096413474430188,-2.2044607700087377,0.8768576335437698,-1.1414182577726335,-6.795086588460002
6822822822.822823,0.8713828015004044,-1.1958203198891841,-6.835435583605785,0.3627914476154903,-8.806859189525447,-2.225874175472514,0.3627914476154903,-8.806859189525447,-2.225874175472514,0.8699187979060439,-1.2104256894022958,-6.8141866086616565
6828828828.828829,0.8640216034724992,-1.2695079709869233,-6.854597492960891,0.37516992931504295,-8.515439570886375,-2.2480530647322263,0.37516992931504295,-8.515439570886375,-2.2480530647322263,0.8624317377964126,-1.2855053934197624,-6.833913186014854
6834834834.834835,0.8560738649826601,-1.3497752258404458,-6.87436150103236,0.3880498994132511,-8.222248496032154,-2.2710427099674506,0.3880498994132511,-8.222248496032154,-2.2710427099674506,0.8543467045843198,-1.367317028100254,-6.854298706474596
6840840840.840841,0.8474865177448714,-1.437344041036367,-6.894754359335855,0.4014481757287116,-7.927410225526073,-2.2948908364768204,0.4014481757287116,-7.927410225526073,-2.2948908364768204,0.8456094084536729,-1.456603872177641,-6.875376271510915
6846846846.846848,0.8382018187414414,-1.5330280232643179,-6.9158023140866405,0.4153802141771001,-7.631083881504886,-2.3196475903351352,0.4153802141771001,-7.631083881504886,-2.3196475903351352,0.8361607303006091,-1.5542046528186149,-6.897179362661407
6852852852.852853,0.8281571175089233,-1.6377452258012406,-6.937530493021854,0.4298595481830924,-7.333468442505453,-2.3453654496894254,0.4298595481830924,-7.333468442505453,-2.3453654496894254,0.8259364660213673,-1.6610671775042543,-6.919741383400362
6858858858.858859,0.8172846815703757,-1.7525328203956314,-6.959962103031029,0.4448971120518681,-7.034808267327644,-2.3720990639166395,0.4448971120518681,-7.034808267327644,-2.3720990639166395,0.8148671247852939,-1.778264062678453,-6.943095044930537
6864864864.864864,0.8055116091447482,-1.8785639217500836,-6.983117388315691,0.4605004330349328,-6.735399141499285,-2.3999050019377712,0.4605004330349328,-6.735399141499285,-2.3999050019377712,0.8028778094388797,-1.9070109057429265,-6.967271554018812
6870870870.870871,0.7927598664065696,-2.0171668838600483,-7.007012285638492,0.4766726776804568,-6.435594812211188,-2.428841387895338,0.4766726776804568,-6.435594812211188,-2.428841387895338,0.7898882150122096,-2.0486873144044266,-6.992299550308834
6876876876.876877,0.7789464961093625,-2.1698474381397928,-7.031656696350136,0.4934115404642174,-6.135813939190954,-2.458967399333557,0.4934115404642174,-6.135813939190954,-2.458967399333557,0.7758127903931273,-2.2048612941168515,-7.018203726967855
6882882882.882883,0.7639840552230441,-2.3383141059968846,-7.057052273005553,0.5107079673030447,-5.836547337553083,-2.4903426002654996,0.5107079673030447,-5.836547337553083,-2.4903426002654996,0.7605611184348905,-2.377317609011828,-7.045003051072163
6888888888.888889,0.7477813510629044,-2.5245073985454605,-7.083189589584329,0.5285447141385454,-5.538365322014892,-2.5230260795018573,0.5285447141385454,-5.538365322014892,-2.5230260795018573,0.7440385806734386,-2.568090887491933,-7.0727084773109175
6894894894.894896,0.730244557611077,-2.7306334213103787,-7.110044525700001,0.5468947522226574,-5.241924878335592,-2.5570753639641404,0.5468947522226574,-5.241924878335592,-2.5570753639641404,0.7261473837191794,-2.779504460935218,-7.101320018060556
6900900900.900901,0.7112788053946474,-2.9592026433434153,-7.137573642161295,0.5657195479265644,-4.947976286957295,-2.592545078225021,0.5657195479265644,-4.947976286957295,-2.592545078225021,0.7067880340917774,-3.0142162340101124,-7.130822990893475
6906906906.906907,0.69079034803601,-3.213074783527154,-7.165708250553716,0.5849672665721682,-4.657368707239113,-2.629485326233395,0.5849672665721682,-4.657368707239113,-2.629485326233395,0.6858613551153762,-3.275273335831101,-7.161183204930339
6912912912.912912,0.6686894147584742,-3.4955110310930637,-7.194346771292085,0.6045709772905179,-4.371054103306713,-2.66793978028918,0.6045709772905179,-4.371054103306713,-2.66793978028918,0.6632711413234271,-3.566177965585112,-7.192340759665744
6918918918.918919,0.6448938590151313,-3.8102351720157652,-7.2233448132819325,0.6244469688164593,-4.090088763997507,-2.707943477104604,0.6244469688164593,-4.090088763997507,-2.707943477104604,0.6389275401735719,-3.890967834864259,-7.22420199606368
6924924924.924925,0.6193337079836277,-4.161505646929499,-7.25250216119124,0.6444933227696928,-3.81563155532867,-2.749520342374894,0.6444933227696928,-3.81563155532867,-2.749520342374894,0.6127512355077825,-4.254316087893165,-7.256628928617195
6930930930.930931,0.5919567069508532,-4.5542010891860905,-7.281545468034177,0.6645889279375389,-3.54893796700487,-2.7926804943980525,0.6645889279375389,-3.54893796700487,-2.7926804943980525,0.5846784811958112,-4.661657797271509,-7.289425143471853
6936936936.936937,0.562734942152409,-4.993922343345326,-7.310104826743924,0.6845931507694057,-3.2913490042822153,-2.8374174137702064,0.6845931507694057,-3.2913490042822153,-2.8374174137702064,0.5546669991963668,-5.119353447999728,-7.322316572110526
6942942942.942944,0.5316726298245562,-5.487113926389706,-7.337681371432915,0.7043463958043569,-3.044274067502744,-2.8837051084704477,0.7043463958043569,-3.044274067502744,-2.8837051084704477,0.522702723153604,-5.63490474656219,-7.35492455916001
6948948948.948949,0.4988152086676953,-6.041206270679696,-7.3636013528136885,0.7236717853055207,-2.8091671884900893,-2.931495448232883,0.7236717853055207,-2.8091671884900893,-2.931495448232883,0.4888073589287157,-6.217245289431297,-7.386726889746103
6954954954.954955,0.4642600273040326,-6.664774147852778,-7.386949245186807,0.7423781496826027,-2.5874963826568202,-2.9807158831974303,0.7423781496826027,-2.5874963826568202,-2.9807158831974303,0.4530467937586904,-6.877138775565026,-7.416999249159302
6960960960.96096,0.42816929005251525,-7.367689703887049,-7.406467508763104,0.7602644409901244,-2.3807064362971926,-3.0312677914620667,0.7602644409901244,-2.3807064362971926,-3.0312677914620667,0.41554060964137324,-7.6277305480018835,-7.444723584318236
6966966966.966967,0.3907867240161277,-8.161203975036312,-7.420402195128709,0.7771255578387488,-2.190176157540489,-3.083025708964603,0.7771255578387488,-2.190176157540489,-3.083025708964603,0.37647353560249047,-8.485310946809355,-7.468438137363672
6972972972.972973,0.35246105570901004,-9.05777724579433,-7.426259464400833,0.7927594073190913,-2.0171719138628195,-3.1358376740210687,0.7927594073190913,-2.0171719138628195,-3.1358376740210687,0.3361110229565685,-9.470344887134615,-7.485980216802201
6978978978.978979,0.3136825834092382,-10.07019187910493,-7.420416294466211,0.8069748453992241,-1.862800053379562,-3.1895268615075745,0.8069748453992241,-1.862800053379562,-3.1895268615075745,0.29482422030822564,-10.608736826427013,-7.494022829386476
6984984984.984985,0.27514520343975446,-11.208761075395872,-7.397504027822936,0.8195999605618427,-1.72796142337133,-3.243894587279925,0.8195999605618427,-1.72796142337133,-3.243894587279925,0.25313692216943234,-11.932890093677258,-7.487197908929694
6990990990.990992,0.23785671807094783,-12.473691555477481,-7.34949956648901,0.8304900324534624,-1.613311511727634,-3.298724638889951,0.8304900324534624,-1.613311511727634,-3.298724638889951,0.21182515335818025,-13.480449409967692,-7.4563658225180465
6996996996.996997,0.20333229818533807,-13.835872613214626,-7.264727448477082,0.8395344435558204,-1.5192296274603576,-3.353788749174981,0.8395344435558204,-1.5192296274603576,-3.353788749174981,0.17214638619646802,-15.282041796845867,-7.385169831472114
7003003003.003003,0.17388678535827323,-15.194668424816143,-7.128251395660376,0.8466618716565062,-1.4457999537822885,-3.4088528964629483,0.8466618716565062,-1.4457999537822885,-3.4088528964629483,0.13638396754899304,-17.304733592746178,-7.244059241871092
7009009009.009008,0.1528444193223589,-16.31500827343246,-6.9287122614280285,0.8518432478885961,-1.3928062934028036,-3.4636840125792685,0.8518432478885961,-1.3928062934028036,-3.4636840125792685,0.10897646167359633,-19.253345943793082,-6.988370671038389
7015015015.015015,0.1438870285664433,-16.83956712000803,-6.677668608671084,0.8550922081943492,-1.3597410188686763,-3.5180566273968448,0.8550922081943492,-1.3597410188686763,-3.5180566273968448,0.09717332658171295,-20.249058592032334,-6.605117442278881
7021021021.021021,0.14876226199290035,-16.55014453264393,-6.42245264478171,0.8564630527642854,-1.34582734928042,-3.5717589869369184,0.8564630527642854,-1.34582734928042,-3.5717589869369184,0.10565895471145742,-19.521873802432957,-6.214101891382925
7027027027.027027,0.16554232969210583,-15.621818744576608,-6.213442596879433,0.8560465052161932,-1.3500528277149537,-3.624598249318154,0.8560465052161932,-1.3500528277149537,-3.624598249318154,0.1295988118379739,-17.747979601187666,-5.945141830455873
7033033033.033033,0.19026894409920297,-14.412641838778903,-6.066535735457997,0.8539637816345206,-1.371210964904336,-3.676404475674486,0.8539637816345206,-1.371210964904336,-3.676404475674486,0.16127021729653804,-15.848916577581871,-5.793082485024113
7039039039.03904,0.21940189610132818,-13.175192470250249,-5.971968867509226,0.8503596061134215,-1.407947558093551,-3.727033270092236,0.8503596061134215,-1.407947558093551,-3.727033270092236,0.19597298371445257,-14.156075902711141,-5.71294110854736
7045045045.045045,0.2505629009466476,-12.021664629078696,-5.914776316654908,0.8453948342088172,-1.4588082051686175,-3.7763670600270207,0.8453948342088172,-1.4588082051686175,-3.7763670600270207,0.23141353942327675,-12.712224703294801,-5.673902541819774
7051051051.051051,0.28229588024526303,-10.98590919581503,-5.882943909237723,0.8392392808844489,-1.5222839407104436,-3.8243151263259776,0.8392392808844489,-1.5222839407104436,-3.8243151263259776,0.26644932585366105,-11.487707484697482,-5.658915757701628
7057057057.057056,0.31372240594297635,-10.069089260734048,-5.868206599335827,0.8320652224456581,-1.5968525934633484,-3.8708125768379587,0.8320652224456581,-1.5968525934633484,-3.8708125768379587,0.30047227514204217,-10.443911891415269,-5.6585580102713475
7063063063.063063,0.3443097043548977,-9.261014731013208,-5.865087362195285,0.8240418855006526,-1.6810142568468045,-3.9158185049318734,0.8240418855006526,-1.6810142568468045,-3.9158185049318734,0.3331443052236122,-9.547352123444396,-5.6673890232151125
7069069069.069069,0.37373568912614946,-8.548708562114754,-5.869948895467576,0.8153310801078432,-1.7733200444291835,-3.959313586600382,0.8153310801078432,-1.7733200444291835,-3.959313586600382,0.3642782099611035,-8.771336123703028,-5.682111536634548
7075075075.075075,0.401811516035418,-7.919552408053817,-5.8803379875474455,0.8060840005324538,-1.8723939761352026,-4.001297354541059,0.8060840005324538,-1.8723939761352026,-4.001297354541059,0.3937787818262894,-8.094953777366877,-5.7006394121736115
7081081081.081081,0.42843568700267914,-7.36228722632594,-5.8945689122965135,0.7964391169391325,-1.9769483567795603,-4.041785354046274,0.7964391169391325,-1.9769483567795603,-4.041785354046274,0.42161057416610115,-7.501770107504145,-5.72160556817823
7087087087.087088,0.45356551868630857,-6.8671993827206705,-5.911462612845976,0.7865210174446882,-2.0857933530378023,-4.080806342816805,0.7865210174446882,-2.0857933530378023,-4.080806342816805,0.44777846089817636,-6.978736014963119,-5.744089246064328
7093093093.093094,0.47719851407548763,-6.426018346547786,-5.930181802571099,0.7764400285217171,-2.197841662531252,-4.118399652377899,0.7764400285217171,-2.197841662531252,-4.118399652377899,0.47231492361071764,-6.515366638354182,-5.767457577636165
7099099099.099099,0.49935966907446794,-6.031730729709908,-5.950124692295062,0.7662924357164063,-2.31210922925094,-4.154612787783444,0.7662924357164063,-2.31210922925094,-4.154612787783444,0.4952712204458498,-6.1031381512209135,-5.791269518762127
7105105105.105105,0.5200925339874626,-5.678387610960564,-5.970854966834356,0.7561611380510602,-2.4277129283528383,-4.189499307689223,0.7561611380510602,-2.4277129283528383,-4.189499307689223,0.5167110036586082,-5.735045796091605,-5.815215330849614
7111111111.111111,0.5394527768748717,-5.3609313399288085,-5.992054607402148,0.7461165910509667,-2.543866053933494,-4.2231169997993705,0.7461165910509667,-2.543866053933494,-4.2231169997993705,0.5367056043876344,-5.405277393982932,-5.83907715516583
7117117117.117117,0.5575034895904956,-5.075048197698159,-6.01349143022725,0.7362179192978288,-2.6598723235665283,-4.255526347018916,0.7362179192978288,-2.6598723235665283,-4.255526347018916,0.5553305199208741,-5.108969157273242,-5.862702568725651
7123123123.123123,0.5743117502202927,-4.817045962253024,-6.034996317961722,0.7265141057098579,-2.7751189838922445,-4.28678926650972,0.7265141057098579,-2.7751189838922445,-4.28678926650972,0.5726628020653484,-4.842020520810916,-5.885986397438218
7129129129.129129,0.5899461134846491,-4.583753112412961,-6.056446974019597,0.7170451888723915,-2.8890694763369344,-4.316968096040221,0.7170451888723915,-2.8890694763369344,-4.316968096040221,0.5887791357126503,-4.600951765714563,-5.908857938981624
7135135135.135136,0.6044747969062784,-4.372436039743601,-6.07775615605354,0.7078434204066678,-3.0012560093123457,-4.3461247982733555,0.7078434204066678,-3.0012560093123457,-4.3461247982733555,0.6037544512651892,-4.382793086621203,-5.931271824234666
7141141141.141142,0.6179643926377716,-4.180730968335195,-6.098863042650936,0.6989343511443371,-3.1112722869373037,-4.374320352795181,0.6989343511443371,-3.1112722869373037,-4.374320352795181,0.6176609505931185,-4.18499709022858,-5.953201383391767
7147147147.147147,0.6304789771534967,-4.006587801435656,-6.119726828817522,0.6903378278932302,-3.2187665654027824,-4.401614306780218,0.6903378278932302,-3.2187665654027824,-4.401614306780218,0.6305674519304926,-4.005369000712263,-5.974633771546663
7153153153.153153,0.6420795212401709,-3.8482236287443965,-6.140321930862989,0.6820688922562431,-3.323435145706992,-4.4280644574593575,0.6820688922562431,-3.323435145706992,-4.4280644574593575,0.6425389786579285,-3.8420104275573994,-5.995566352160472
7159159159.159159,0.6528235251279281,-3.704084074999461,-6.160634369020931,0.6741385798466301,-3.4250163637643323,-4.453726642441447,0.6741385798466301,-3.4250163637643323,-4.453726642441447,0.6536365323219064,-3.693273653918252,-6.016003993495586
7165165165.165165,0.6627648206468804,-3.572811037172625,-6.180659022116362,0.6665546228925544,-3.523285103583336,-4.478654617048785,0.6665546228925544,-3.523285103583336,-4.478654617048785,0.6639170026242502,-3.55772418237605,-6.035957036249174
7171171171.171171,0.6719534954675547,-3.4532156508488905,-6.200397534660395,0.6593220621602768,-3.6180478340063296,-4.502900000899469,0.6593220621602768,-3.6180478340063296,-4.502900000899469,0.6734331771433011,-3.4341098321594012,-6.055439760029812
7177177177.177177,0.6804359047568077,-3.344255558263387,-6.2198567165363015,0.652443775792578,-3.7091381522872595,-4.526512278850545,0.652443775792578,-3.7091381522872595,-4.526512278850545,0.6822338216681516,-3.3213350858562487,-6.07446922396396
7183183183.183184,0.6882547436198748,-3.2450157332124707,-6.239047317611652,0.645920933419598,-3.796412806697021,-4.549538844018814,0.645920933419598,-3.796412806697021,-4.549538844018814,0.6903638085725112,-3.2184396804234017,-6.093064390014976
7189189189.18919,0.695449159989748,-3.154692262193324,-6.2579830897796676,0.6397533840370466,-3.8797481638455054,-4.572025072886873,0.6397533840370466,-3.8797481638455054,-4.572025072886873,0.6978642758960789,-3.124580658164446,-6.111245461246038
7195195195.195195,0.70205489253459,-3.072578595214182,-6.276680070794416,0.6339399858770441,-3.9590370832520057,-4.594014424477436,0.6339399858770441,-3.9590370832520057,-4.594014424477436,0.7047728039653425,-3.0390172597880416,-6.1290333842985
7201201201.201201,0.7081044219687991,-2.998053870473803,-6.295156040292552,0.6284788859781671,-4.034186160903386,-4.615548557256388,0.6284788859781671,-4.034186160903386,-4.615548557256388,0.7111235996656112,-2.9610981685958446,-6.14644947779212
7207207207.207207,0.7136271271001925,-2.9305729897350115,-6.313430110270732,0.6233677565067611,-4.105113304364182,-4.636667458831662,0.6233677565067611,-4.105113304364182,-4.636667458831662,0.716947681035738,-2.8902507127671804,-6.163515157528689
7213213213.213213,0.7186494392054523,-2.8696581797119896,-6.3315224211738546,0.6186039941692653,-4.171745603886942,-4.6574095846837915,0.6186039941692653,-4.171745603886942,-4.6574095846837915,0.7222730568347224,-2.8259717090588845,-6.180251736215369
7219219219.219219,0.7231949900425836,-2.8148918222356363,-6.349453921456697,0.6141848883372928,-4.234017466503211,-4.677812003127562,0.6141848883372928,-4.234017466503211,-4.677812003127562,0.7271248972401178,-2.767819691392312,-6.196680280556042
7225225225.225225,0.7272847500979269,-2.7659103747298546,-6.367246213587131,0.6101077628160547,-4.291868982967246,-4.697910544495156,0.6101077628160547,-4.291868982967246,-4.697910544495156,0.7315256929771784,-2.715408315660456,-6.2128215124379915
7231231231.231232,0.730937154617566,-2.7223992344707755,-6.384921453375364,0.6063700955416128,-4.345244500472105,-4.717739953177949,0.6063700955416128,-4.345244500472105,-4.717739953177949,0.7354954010220702,-2.668400770543618,-6.228695743886725
7237237237.237238,0.7341682156610295,-2.6840884266549314,-6.402502292541749,0.6029696199025424,-4.394091377132686,-4.737334041693574,0.6029696199025424,-4.394091377132686,-4.737334041693574,0.7390515756349924,-2.626505055321669,-6.244322837705623
7243243243.243243,0.7369916188956527,-2.650749018614536,-6.4200118567948685,0.5999044108499323,-4.438358897248775,-4.756725846378929,0.5999044108499323,-4.438358897248775,-4.756725846378929,0.742209483909522,-2.5894700112441154,-6.259722187426385
7249249249.249249,0.7394188041670247,-2.622190181502953,-6.437473753545698,0.5971729584845404,-4.477997329283214,-4.775947784668524,0.5971729584845404,-4.477997329283214,-4.775947784668524,0.7449822053126316,-2.5570820142107307,-6.274912711494384
7255255255.255255,0.7414590290685248,-2.598256837177444,-6.454912104853906,0.5947742313871891,-4.5129571112994284,-4.7950318142167445,0.5947742313871891,-4.5129571112994284,-4.7950318142167445,0.7473807148665704,-2.529162254295152,-6.28991285758954
7261261261.261261,0.7431194148171337,-2.57882784244598,-6.47235160238179,0.5927077315818148,-4.54318815130811,-4.814009594377075,0.5927077315818148,-4.54318815130811,-4.814009594377075,0.7494139497137775,-2.505564542769893,-6.304740613704423
7267267267.267267,0.7444049737426786,-2.5638146758500375,-6.489817582088945,0.5909735426829341,-4.568639232595127,-4.832912650771415,0.5909735426829341,-4.568639232595127,-4.832912650771415,0.7510888588275924,-2.4861736003794492,-6.3194135231133926
7273273273.273273,0.7453186176280072,-2.553160604185465,-6.507336117191509,0.5895723724724367,-4.589257516680613,-4.85177254387921,0.5895723724724367,-4.589257516680613,-4.85177254387921,0.7524104355998135,-2.47090379215181,-6.333948700703321
7279279279.27928,0.7458611460079974,-2.546840317447474,-6.52493412857461,0.5885055908661223,-4.604988139137441,-4.870621042755974,0.5885055908661223,-4.604988139137441,-4.870621042755974,0.7533817329620821,-2.45969828445873,-6.348362848317963
7285285285.285286,0.7460312133529894,-2.5448600322254618,-6.5426395124186,0.5877752639589383,-4.615773896135204,-4.889490305160878,0.5877752639589383,-4.615773896135204,-4.889490305160878,0.7540038605908903,-2.4525286096859973,-6.362672266805643
7291291291.291291,0.7458252738311493,-2.5472580751813996,-6.560481285304762,0.5873841845694663,-4.621555022341234,-4.908413065538133,0.5873841845694663,-4.621555022341234,-4.908413065538133,0.7542759636130548,-2.449394633074472,-6.376892862354997
7297297297.2972975,0.7452375020669986,-2.5541059705520675,-6.5784897475247055,0.5873358994278333,-4.622269063783671,-4.92742283246049,0.5873358994278333,-4.622269063783671,-4.92742283246049,0.7541951820766742,-2.450324925327619,-6.39104014444813
7303303303.303303,0.744259687990622,-2.5655100691038597,-6.596696665746653,0.5876347328543404,-4.617850852557862,-4.946554097307306,0.5876347328543404,-4.617850852557862,-4.946554097307306,0.7537565902887293,-2.4553775537252758,-6.405129212336846
7309309309.309309,0.7428811035043923,-2.581613771191224,-6.61513547660485,0.5882858064442676,-4.608232593947283,-4.965842556115342,0.5882858064442676,-4.608232593947283,-4.965842556115342,0.752953114952824,-2.4646413139995147,-6.419174726326616
7315315315.315315,0.7410883382814162,-2.602600414191818,-6.633841513186039,0.5892950538903714,-4.593344080765715,-4.985325346705621,0.5892950538903714,-4.593344080765715,-4.985325346705621,0.7517754308795687,-2.478237435380708,-6.43319085929068
7321321321.3213215,0.7388651015534402,-2.628696915426256,-6.652852256798822,0.5906692296180195,-4.573113054663296,-5.0050413033511845,0.5906692296180195,-4.573113054663296,-5.0050413033511845,0.7502118329024792,-2.4963218022736737,-6.447191222672807
7327327327.327328,0.736191986248805,-2.660178286737482,-6.6722076168344175,0.5924159093535905,-4.547465739961256,-5.025031231400697,0.5924159093535905,-4.547465739961256,-5.025031231400697,0.7482480825348582,-2.5190877482411485,-6.461188759687359
7333333333.333334,0.7330461913097972,-2.6973731675074535,-6.691950241966161,0.5945434800640608,-4.516327582507217,-5.045338204400269,0.5945434800640608,-4.516327582507217,-5.045338204400269,0.7458672278783315,-2.546769491611564,-6.475195596375563
7339339339.339339,0.7294011974663991,-2.7406705607073634,-6.712125866393737,0.5970611158568192,-4.4796242343346275,-5.066007886342763,0.5970611158568192,-4.4796242343346275,-5.066007886342763,0.7430493953855087,-2.5796462973239045,-6.489222838472638
7345345345.3453455,0.7252263911919561,-2.790528003817111,-6.732783695318166,0.599978735367269,-4.437282834870785,-5.087088881694255,0.599978735367269,-4.437282834870785,-5.087088881694255,0.7397715523514848,-2.6180474667471025,-6.503280298472868
7351351351.351351,0.7204866310520143,-2.8474814660270615,-6.753976834334975,0.6033069348308473,-4.389233651422278,-5.108633115763576,0.6033069348308473,-4.389233651422278,-5.108633115763576,0.736007239553929,-2.6623582762157927,-6.517376132565542
7357357357.357357,0.7151417502375556,-2.912157338958729,-6.77576276795524,0.6070568893667891,-4.335412156077613,-5.1306962477402465,0.6070568893667891,-4.335412156077613,-5.1306962477402465,0.7317262744122569,-2.713027005731234,-6.531516360870872
7363363363.363363,0.7091459888355048,-2.9852869855045987,-6.798203893006213,0.6112402129106403,-4.275761633454209,-5.153338118253986,0.6112402129106403,-4.275761633454209,-5.153338118253986,0.7268944265839653,-2.770573221098716,-6.545704236109145
7369369369.3693695,0.7024473494635125,-3.067724437550203,-6.821368113228843,0.6158687646243581,-4.210236434359114,-5.176623232502839,0.6158687646243581,-4.210236434359114,-5.176623232502839,0.7214730703342433,-2.8355974944175273,-6.5599394147780075
7375375375.375376,0.6949868704756215,-3.1604679983804114,-6.845329501992327,0.6209543863766442,-4.138806014906085,-5.200621278715559,0.6209543863766442,-4.138806014906085,-5.200621278715559,0.7154188216946439,-2.9087927668106666,-6.574216870119929
7381381381.381382,0.6866978123096219,-3.2646867236863826,-6.870169040725452,0.6265085519026581,-4.0614599293492,-5.2254076797659685,0.6265085519026581,-4.0614599293492,-5.2254076797659685,0.7086831739257196,-2.9909575690665804,-6.588525466305484
7387387387.387387,0.6775047550955821,-3.3817530465759256,-6.895975441511172,0.6325419034028122,-3.9782139781001415,-5.251064172885055,0.6325419034028122,-3.9782139781001415,-5.251064172885055,0.7012121529106923,-3.0830113125940697,-6.602846086517383
7393393393.3933935,0.6673226099405121,-3.513283206384821,-6.9228460634987865,0.6390636455262547,-3.8891177499963026,-5.277679408279984,0.6390636455262547,-3.8891177499963026,-5.277679408279984,0.6929460259593725,-3.186011831310478,-6.617149171505875
7399399399.399399,0.6560555531279485,-3.66118768213894,-6.9508879347467145,0.6460807598612884,-3.794263839171563,-5.305349551621603,0.6460807598612884,-3.794263839171563,-5.305349551621603,0.6838191146890782,-3.301175272076435,-6.631391476305447
7405405405.405405,0.6435959028867125,-3.8277345854115636,-6.9802188945833015,0.6535969952911812,-3.693799060096026,-5.33417886723567,0.6535969952911812,-3.693799060096026,-5.33417886723567,0.6737597874236547,-3.429898258940116,-6.645511786573189
7411411411.411411,0.6298229738096984,-4.015630036364625,-7.010968878024701,0.6616115811454636,-3.5879380260766918,-5.364280247717213,0.6616115811454636,-3.5879380260766918,-5.364280247717213,0.6626907420772833,-3.5737819309525927,-6.659425246332457
7417417417.417418,0.6146019662784719,-4.228121093030358,-7.043281375993789,0.6701176016166269,-3.4769794907197404,-5.395775640737886,0.6701176016166269,-3.4769794907197404,-5.395775640737886,0.6505297411866006,-3.7346568678907284,-6.673015827903319
7423423423.423424,0.5977829796633453,-4.46912909083674,-7.077315128284376,0.6790999626294477,-3.361325868645509,-5.428796304078969,0.6790999626294477,-3.361325868645509,-5.428796304078969,0.6371910327488074,-3.9146068939251526,-6.68612631283975
7429429429.42943,0.579200281314683,-4.743424717523962,-7.113246150356273,0.6885328783488847,-3.241506335604578,-5.463482794438268,0.6885328783488847,-3.241506335604578,-5.463482794438268,0.6225877921985189,-4.115987985720188,-6.6985449393250125
7435435435.435435,0.55867202132601,-5.056861557152699,-7.151270279175571,0.698376807213673,-3.1182038358312787,-5.499984563559348,0.698376807213673,-3.1182038358312787,-5.499984563559348,0.6066360634637046,-4.341435504056999,-6.709987598744168
7441441441.441442,0.5360006583114038,-5.416693538203016,-7.191606584543146,0.7085747820431614,-2.9922861626757156,-5.5384589965248825,0.7085747820431614,-2.9922861626757156,-5.5384589965248825,0.5892608751673696,-4.5938478712244075,-6.720074135653235
7447447447.447447,0.5109744553229558,-5.832016212162166,-7.234502304812166,0.7190481130073968,-2.864840981924171,-5.57906968266893,0.7190481130073968,-2.864840981924171,-5.57906968266893,0.5704054793509227,-4.876326225520712,-6.728296958733026
7453453453.453453,0.48337051607836806,-6.314396871491775,-7.280240582795296,0.7296915064033442,-2.7372141779650794,-5.6219836627557545,0.7296915064033442,-2.7372141779650794,-5.6219836627557545,0.5500450227355645,-5.1920352164658565,-6.733979930182514
7459459459.459459,0.4529599536379658,-6.878803848610557,-7.329153530145009,0.7403677489909777,-2.611050154414963,-5.667367353779915,0.7403677489909777,-2.611050154414963,-5.667367353779915,0.5282064239486823,-5.543926425758735,-6.736225699021931
7465465465.465466,0.4195159041221328,-7.545031402710181,-7.381645794262034,0.750902270614886,-2.488331648586125,-5.71538082741075,0.750902270614886,-2.488331648586125,-5.71538082741075,0.5049967682826637,-5.9342280226365585,-6.733851079551079
7471471471.471472,0.3828252013840484,-8.339989606944016,-7.438239702703792,0.7610781270419424,-2.3714151851765606,-5.766170129568028,0.7610781270419424,-2.3714151851765606,-5.766170129568028,0.48064301147410027,-6.363547358530878,-6.7253145485844845
7477477477.477478,0.3427046165980618,-9.301600902382596,-7.499667213157789,0.7706322389686918,-2.263056529524601,-5.819857405138988,0.7706322389686918,-2.263056529524601,-5.819857405138988,0.45554578790701467,-6.8293592921091655,-6.7086511890419525
7483483483.483484,0.2990227434962536,-10.485915564663323,-7.567071266944795,0.7792540562872071,-2.1664185678414145,-5.8765287686080985,0.7792540562872071,-2.1664185678414145,-5.8765287686080985,0.4303485409895348,-7.323593301684227,-6.681455295003273
7489489489.48949,0.25172942201860704,-11.981320426929805,-7.642491222147218,0.7865881225761601,-2.0850523138414268,-5.936220173741156,0.7865881225761601,-2.0850523138414268,-5.936220173741156,0.4060174855274682,-7.829105254339286,-6.64099860430974
7495495495.495496,0.20089861251308738,-13.940461253087848,-7.730206652583396,0.7922421722486734,-2.02284086328972,-5.998902004147851,0.7922421722486734,-2.02284086328972,-5.998902004147851,0.38391329275023217,-8.315337009116796,-6.5846432954291965
7501501501.501501,0.14681211535830352,-16.664762074209733,-7.841340226955724,0.7958022270106011,-1.9838969967541107,-6.06446371329302,0.7958022270106011,-1.9838969967541107,-6.06446371329302,0.36580652978157985,-8.734970929472109,-6.510754251137749
7507507507.507507,0.09026766754409044,-20.88935558546072,-8.016540077270573,0.7968554766064541,-1.9724087641429355,-6.1327005007413415,0.7968554766064541,-1.9724087641429355,-6.1327005007413415,0.3537516826812107,-9.026029713314816,-6.420160440378401
7513513513.513514,0.03583296850914632,-28.914344242070264,-8.561302173608468,0.7950204079739907,-1.9924344594055983,-6.203304545747548,0.7950204079739907,-1.9924344594055983,-6.203304545747548,0.3497335718739745,-9.125253531693216,-6.317608637003028
7519519519.51952,0.0438470512230088,-27.16119216483545,-10.441198368516076,0.78998176383264,-2.0476586794637557,-6.275863478800828,0.78998176383264,-2.0476586794637557,-6.275863478800828,0.3551186481059578,-8.992530425729498,-6.211834279281005
7525525525.525526,0.10354944255875163,-19.69704469433086,-10.866986797317027,0.7815258607379674,-2.1411329315273644,-6.349868301123547,0.7815258607379674,-2.1411329315273644,-6.349868301123547,0.37016922179712775,-8.631993881265487,-6.11321003373833
7531531531.531532,0.16713495384739793,-15.538654284529564,-11.033657484781354,0.7695702858963176,-2.27503418635897,-6.4247317314959265,0.7695702858963176,-2.27503418635897,-6.4247317314959265,0.393949488294372,-8.091189185891055,-6.0301430706438754
7537537537.537538,0.2309498761193274,-12.729645327427015,-11.150032201476455,0.7541818223175811,-2.450478787913351,-6.499816102935475,0.7541818223175811,-2.450478787913351,-6.499816102935475,0.42467257974865963,-7.438915592444192,-5.966848541836706
7543543543.543544,0.293673600693699,-10.642701838243626,-11.248052426290927,0.7355781036443546,-2.667424142457504,-6.574467897465241,0.7355781036443546,-2.667424142457504,-6.574467897465241,0.46021668356418216,-6.740752830751703,-5.923552524299222
7549549549.549549,0.3543425347436065,-9.011534249657014,-11.336650016379565,0.7141117459292987,-2.9246764691494636,-6.6480544399586465,0.7141117459292987,-2.9246764691494636,-6.6480544399586465,0.49853544985891884,-6.046079088843027,-5.8980169685059725
7555555555.555555,0.4121888642002865,-7.69807490818099,-11.419045805057834,0.6902395532297818,-3.220003153650633,-6.7199977380902824,0.6902395532297818,-3.220003153650633,-6.7199977380902824,0.5378789813017774,-5.386308526261438,-5.8870292657705345
7561561561.561562,0.46663092329697636,-6.620529684088483,-11.496547618823339,0.6644825063030124,-3.5503289630804162,-6.789801158652107,0.6644825063030124,-3.5503289630804162,-6.789801158652107,0.5768693316172027,-4.778450980707379,-5.887330654984995
7567567567.567568,0.5172751148223832,-5.725568284332581,-11.569722628025561,0.6373835928663544,-3.911982401158989,-6.857066303463809,0.6373835928663544,-3.911982401158989,-6.857066303463809,0.6144951738001984,-4.229630473619649,-5.896043970413865
7573573573.573574,0.5639069872616252,-4.97585048239973,-11.638839888866222,0.6094698929800343,-4.300954861964785,-6.921499494346176,0.6094698929800343,-4.300954861964785,-6.921499494346176,0.6500694330335973,-3.740805089514537,-5.910803660096014
7579579579.57958,0.606470097086175,-4.343812156150154,-11.70405753915835,0.581223257012548,-4.713140324158423,-6.982909065236419,0.581223257012548,-4.713140324158423,-6.982909065236419,0.6831732721348365,-3.309382658776125,-5.92974430521935
7585585585.585586,0.6450368193893575,-3.808309893302702,-11.76550508993928,0.5530613528745892,-5.144533766784564,-7.041195783458845,0.5530613528745892,-5.144533766784564,-7.041195783458845,0.7135982384940379,-2.930924613593358,-5.951434925220564
7591591591.591592,0.6797762342645391,-3.3526804581421326,-11.823317838678468,0.5253286529942138,-5.591378216646419,-7.096339091202255,0.5253286529942138,-5.591378216646419,-7.096339091202255,0.7412926729187568,-2.6002058501667724,-5.974800493516957
7597597597.597597,0.7109233248669966,-2.9635447331635016,-11.877648310571688,0.4982955265123252,-6.050260234493084,-7.1483816291423405,0.4982955265123252,-6.050260234493084,-7.1483816291423405,0.7663154490196713,-2.311848378430096,-5.9990479687528
7603603603.603603,0.7387522045310839,-2.6300242023692593,-11.92866679661814,0.47216304066500103,-6.51816022076832,-7.197413938334233,0.47216304066500103,-6.51816022076832,-7.197413938334233,0.7887982255036063,-2.0606815012674002,-6.023602833196451
7609609609.60961,0.7635546224604753,-2.343197786829847,-11.976557193017154,0.44707114918764634,-6.992467110484841,-7.243560577042547,0.44707114918764634,-6.992467110484841,-7.243560577042547,0.808916141545525,-1.841929967055527,-6.048057206365692
7615615615.615616,0.7856238919709952,-2.0957063498043533,-12.021511367348616,0.4231083734392276,-7.470967595361024,-7.2869682985869995,0.4231083734392276,-7.470967595361024,-7.2869682985869995,0.8268661147199092,-1.651296105092654,-6.072128630225894
7621621621.621622,0.8052437070657283,-1.881453209639079,-12.06372366040614,0.40032162584368636,-7.9518189632792655,-7.32779648981712,0.40032162584368636,-7.9518189632792655,-7.32779648981712,0.8428515201885663,-1.4849785108814695,-6.0956279626696395
7627627627.627628,0.822680995315496,-1.695370703564768,-12.103386235572945,0.3787253339551054,-8.433512855655357,-7.366209778458601,0.3787253339551054,-8.433512855655357,-7.366209778458601,0.8570719357706303,-1.3396545067606194,-6.118434723398424
7633633633.633634,0.8381818861750976,-1.5332345774928826,-12.140685498958906,0.35830942673848015,-8.914835317188551,-7.402372557252018,0.35830942673848015,-8.914835317188551,-7.402372557252018,0.8697167242353333,-1.2124435714104584,-6.14047837604332
7639639639.63964,0.851969948708183,-1.3915144741585217,-12.175799562998238,0.33904602776725923,-9.394826788244417,-7.4364451075013065,0.33904602776725923,-9.394826788244417,-7.4364451075013065,0.8809614025718241,-1.1008623769866652,-6.16172425080222
7645645645.645645,0.8642459924748556,-1.2672525122535832,-12.208896613377602,0.3208948776363466,-9.872744307639582,-7.468580999908818,0.3208948776363466,-9.872744307639582,-7.468580999908818,0.8909659551222199,-1.0027778111825776,-6.182163044106965
7651651651.651651,0.8751888800545893,-1.1579641803959553,-12.240134002939353,0.3038076052993236,-10.348027170479302,-7.498925479317274,0.3038076052993236,-10.348027170479302,-7.498925479317274,0.8998744455570206,-0.9163616202257912,-6.201803045575451
7657657657.657658,0.8849569423286073,-1.061557188619767,-12.269657899658805,0.28773101060615847,-10.820266578018494,-7.527614583512498,0.28773101060615847,-10.820266578018494,-7.527614583512498,0.9078154533079273,-0.8400485748632132,-6.220664426239686
7663663663.663664,0.8936897067406412,-0.9762648822924309,-12.29760333726515,0.27260952878270067,-11.289179358477355,-7.55477479301892,0.27260952878270067,-11.289179358477355,-7.55477479301892,0.9149029974419324,-0.7724989909970019,-6.2387750735289575
7669669669.66967,0.901509741922671,-0.900591516593111,-12.324094544463577,0.25838703702678933,-11.754585563457878,-7.580523052529713,0.25838703702678933,-11.754585563457878,-7.580523052529713,0.921237716314042,-0.7125657986164902,-6.256167579899749
7675675675.675676,0.9085244915517411,-0.833267214066527,-12.34924545575916,0.24500814381565614,-12.216389597981152,-7.6049670423906015,0.24500814381565614,-12.216389597981152,-7.6049670423906015,0.9269081491700318,-0.6592659920828482,-6.272877087348605
7681681681.681682,0.9148280201484706,-0.7732108382471967,-12.373160330735093,0.23241907907016657,-12.674564479610776,-7.628205609596813,0.23241907907016657,-12.674564479610776,-7.628205609596813,0.9319920216259837,-0.6117561086851969,-6.288939763790511
7687687687.687688,0.9205026280717473,-0.7194993446022936,-12.395934428351307,0.2205682814466837,-13.129138811905154,-7.65032929237257,0.2205682814466837,-13.129138811905154,-7.65032929237257,0.9365574758128512,-0.5693113030430736,-6.304391743676024
7693693693.693693,0.9256203160973647,-0.6713424356604853,-12.417654698432868,0.20940675942251177,-13.580186077544816,-7.671420891394327,0.20940675942251177,-13.580186077544816,-7.671420891394327,0.9406642123548743,-0.5313075685807183,-6.319268407964507
7699699699.699699,0.9302440948775198,-0.6280615633550739,-12.438400464480043,0.19888828614470197,-14.02781589231533,-7.691556055061809,0.19888828614470197,-14.02781589231533,-7.691556055061809,0.9443645287636436,-0.49720667607470026,-6.333603910755283
7705705705.705706,0.934429143728735,-0.5890724978871128,-12.458244080870958,0.18896947427162175,-14.472166903423954,-7.710803856855268,0.18896947427162175,-14.472166903423954,-7.710803856855268,0.9477042499490163,-0.46654343582565533,-6.347430883988258
7711711711.711712,0.9382238284210438,-0.5538708261920957,-12.477251554058975,0.17960976600127532,-14.91340105881366,-7.729227350571904,0.17960976600127532,-14.91340105881366,-7.729227350571904,0.9507235533443833,-0.4389149338174311,-6.36078026961613
7717717717.717718,0.9416705902629954,-0.5220198602890266,-12.495483122035987,0.17077136477740962,-15.351699015066181,-7.74688409479677,0.17077136477740962,-15.351699015066181,-7.74688409479677,0.9534576950326815,-0.41397143718297946,-6.373681242033979
7723723723.723724,0.9448067197255225,-0.4931405312325701,-12.512993789594749,0.1624191283969763,-15.787256488590348,-7.76382664188479,0.1624191283969763,-15.787256488590348,-7.76382664188479,0.9559376452378017,-0.39140870703728675,-6.386161193484875
7729729729.72973,0.9476650277631843,-0.46690292205512507,-12.529833819141068,0.15452043803947035,-16.220281387472227,-7.780102989439856,0.15452043803947035,-16.220281387472227,-7.780102989439856,0.9581906423027146,-0.3709614956092081,-6.398245762517515
7735735735.735736,0.9502744273051315,-0.44301915625513494,-12.54604917826251,0.14704505377619667,-16.650991589589413,-7.795756994102456,0.14704505377619667,-16.650991589589413,-7.795756994102456,0.9602406742793428,-0.3523980389690946,-6.409958891012191
7741741741.741741,0.9526604363847972,-0.42123740975645174,-12.561681946168736,0.13996496412497927,-17.079613256641423,-7.810828748645591,0.13996496412497927,-17.079613256641423,-7.810828748645591,0.9621088968188612,-0.33551538645852175,-6.421322899307512
7747747747.747747,0.9548456132388813,-0.40133685604579866,-12.576770681640031,0.13325423497322245,-17.506379594054092,-7.825354924113422,0.13325423497322245,-17.506379594054092,-7.825354924113422,0.963813995379979,-0.32013543344642126,-6.432358571919969
7753753753.753754,0.9568499325461534,-0.3831233881953853,-12.591350755373648,0.12688886152450235,-17.931529983756814,-7.839369079152859,0.12688886152450235,-17.931529983756814,-7.839369079152859,0.965372498998157,-0.30610154567833686,-6.443085248524876
7759759759.75976,0.958691110861475,-0.3664259891698458,-12.605454649688559,0.12084662569344101,-18.355309431097297,-7.852901938883615,0.12084662569344101,-18.355309431097297,-7.852901938883615,0.9667990520622203,-0.29327568172027996,-6.45352091646414
7765765765.765766,0.9603848882667393,-0.3510936443951883,-12.619112228500098,0.11510696047403683,-18.777968279086682,-7.865981645697628,0.11510696047403683,-18.777968279086682,-7.865981645697628,0.9681066497747269,-0.2815359352922855,-6.463682302213927
7771771771.771772,0.9619452723250395,-0.33699270900134687,-12.632350980351339,0.10965082215566996,-19.1997621531752,-7.878633984325054,0.10965082215566996,-19.1997621531752,-7.878633984325054,0.9693068422555555,-0.27077443207232665,-6.473584960095838
7777777777.777778,0.9633847495920339,-0.3240046572232386,-12.645196237118652,0.10446057079615659,-19.620952108187698,-7.890882583386638,0.10446057079615659,-19.620952108187698,-7.890882583386638,0.9704099115971114,-0.26089552621900725,-6.483243357131187
7783783783.783784,0.9647144692067469,-0.3120241537911864,-12.65767137081669,0.09951985903462664,-20.041804956225732,-7.902749095496285,0.09951985903462664,-20.041804956225732,-7.902749095496285,0.9714250255984479,-0.25181425075119923,-6.492670953381262
7789789789.789789,0.9659444024462922,-0.3009573972730579,-12.669797970727089,0.0948135291028645,-20.46259376051747,-7.914253357799589,0.0948135291028645,-20.46259376051747,-7.914253357799589,0.9723603713932368,-0.24345498332733206,-6.501880277432043
7795795795.795795,0.9670834815768672,-0.2907206936598662,-12.681596002875676,0.09032751774467876,-20.8835984856208,-7.925413534645367,0.09032751774467876,-20.8835984856208,-7.925413534645367,0.9732232717389395,-0.23575029513330426,-6.510882996903966
7801801801.801802,0.9681397208575199,-0.28123922534903084,-12.6930839536906,0.08604876865870113,-21.30510679924617,-7.936246243894567,0.08604876865870113,-21.30510679924617,-7.936246243894567,0.9740202863458765,-0.2286399557269904,-6.519689984020671
7807807807.807808,0.96912032214451,-0.2724459863453726,-12.704278959492594,0.08196515202534231,-21.727415025462005,-7.946766668178418,0.08196515202534231,-21.727415025462005,-7.946766668178418,0.9747573002892879,-0.22207007097123665,-6.528311376373934
7813813813.813814,0.9700317671940474,-0.26428085918700517,-12.715196923300173,0.07806539065227823,-22.150829253330777,-7.956988652226679,0.07806539065227823,-22.150829253330777,-7.956988652226679,0.9754396012585085,-0.21599233476347637,-6.536756633088726
7819819819.81982,0.9708798984617123,-0.25668981299075233,-12.725852620278243,0.07433899226623907,-22.575666609271284,-7.9669247871975575,0.07433899226623907,-22.575666609271284,-7.9669247871975575,0.976071947149349,-0.21036337825780493,-6.545034586632902
7825825825.825826,0.9716699899411205,-0.24962420524135875,-12.73625979301794,0.07077618748594855,-23.00225670580091,-7.976586482751475,0.07077618748594855,-23.00225670580091,-7.976586482751475,0.9766586252930834,-0.20514420277627188,-6.553153490537751
7831831831.831832,0.9724068093659766,-0.24304017263914265,-12.746431237708382,0.06736787302718499,-23.430943283950988,-7.985984027418828,0.06736787302718499,-23.430943283950988,-7.985984027418828,0.9772035044334776,-0.20029968470078346,-6.561121063304049
7837837837.837837,0.9730946729132077,-0.23689809856653646,-12.756378882146702,0.06410555971282297,-23.86208607174754,-7.995126637613133,0.06410555971282297,-23.86208607174754,-7.995126637613133,0.9777100804075114,-0.19579814239593915,-6.568944528767536
7843843843.843843,0.9737374933857001,-0.2311621466126673,-12.766113856430213,0.06098132488595025,-24.29606288691463,-8.004022495430352,0.06098132488595025,-24.29606288691463,-8.004022495430352,0.9781815163522453,-0.19161095669151793,-6.576630653190791
7849849849.84985,0.9743388227172418,-0.2257998511701148,-12.775646557082865,0.05798776885109351,-24.733272018620585,-8.012678775145742,0.05798776885109351,-24.733272018620585,-8.012678775145742,0.9786206781463311,-0.18771223769840562,-6.584185779337378
7855855855.855856,0.9749018895260539,-0.22078175744211814,-12.784986705286485,0.0551179749959475,-25.174134930949418,-8.02110165806269,0.0551179749959475,-25.174134930949418,-8.02110165806269,0.9790301656971854,-0.1840785317820107,-6.591615857770645
7861861861.861862,0.9754296323439683,-0.2160811043129846,-12.794143399814548,0.052365473273039476,-25.619099340190633,-8.0292963350724,0.052365473273039476,-25.619099340190633,-8.0292963350724,0.9794123406013403,-0.18068856340521297,-6.598926475604623
7867867867.867868,0.9759247290632723,-0.21167354447519268,-12.803125165201466,0.04972420674688964,-26.06864272945878,-8.037266995933981,0.04972420674688964,-26.06864272945878,-8.037266995933981,0.9797693506340002,-0.1775230073043561,-6.606122882919056
7873873873.873875,0.9763896230703313,-0.20753689700279976,-12.811939995622932,0.04718850093712974,-26.52327637815621,-8.045016803862495,0.04718850093712974,-26.52327637815621,-8.045016803862495,0.9801031514625066,-0.17456428709940913,-6.613210017034998
7879879879.87988,0.9768265464726488,-0.20365092823467687,-12.820595394911695,0.04475303571150502,-26.983550001133757,-8.05254785349149,0.04475303571150502,-26.983550001133757,-8.05254785349149,0.9804155259258,-0.17179639698117716,-6.620192524832372
7885885885.885886,0.9772375407722779,-0.19999715740454388,-12.829098413087952,0.042412819504623146,-27.450057114070205,-8.059861109622274,0.042412819504623146,-27.450057114070205,-8.059861109622274,0.9807081011767341,-0.16920474357985466,-6.627074783276334
7891891891.8918915,0.9776244752924187,-0.19655868394158574,-12.83745567974305,0.040163165658754316,-27.923441268881646,-8.066956323336454,0.040163165658754316,-27.923441268881646,-8.066956323336454,0.9809823639452621,-0.16677600551221347,-6.633860918305489
7897897897.897898,0.9779890636242244,-0.19332003378186735,-12.845673434579648,0.0379996707019051,-28.40440333764547,-8.07383192096649,0.0379996707019051,-28.40440333764547,-8.07383192096649,0.9812396741469668,-0.16449800844136317,-6.640554822222162
7903903903.903904,0.978332878326637,-0.1902670223855252,-12.853757555379534,0.03591819439596702,-28.893710067921848,-8.080484859999359,0.03591819439596702,-28.893710067921848,-8.080484859999359,0.981481277032597,-0.16235961377027092,-6.64716016971282
7909909909.90991,0.9786573640824837,-0.18738663245903467,-12.861713583642175,0.03391484140402154,-29.39220418971136,-8.086910444102651,0.03391484140402154,-29.39220418971136,-8.086910444102651,0.9817083140493159,-0.16035061933720604,-6.6536804326156735
7915915915.915916,0.9789638494884854,-0.18466690464294497,-12.86954674811194,0.03198594444109449,-29.900816429020395,-8.093102086927246,0.03198594444109449,-29.900816429020395,-8.093102086927246,0.9819218325628509,-0.1584616706930248,-6.660118893542207
7921921921.921923,0.9792535576347541,-0.18209683964919698,-12.877261986389573,0.030128048786980683,-30.420579881293733,-8.099051010890529,0.030128048786980683,-30.420579881293733,-8.099051010890529,0.9821227945710734,-0.1566841817227223,-6.6664786584499
7927927927.927928,0.979527615610114,-0.17966631052582638,-12.88486396480364,0.028337898053430385,-30.952647328525696,-8.104745862391578,0.028337898053430385,-30.952647328525696,-8.104745862391578,0.9823120845233992,-0.1550102635306944,-6.672762668254864
7933933933.933934,0.9797870630529941,-0.17736598389279798,-12.892357096699996,0.02661242111139953,-31.498312259074037,-8.110172218278166,0.02661242111139953,-31.498312259074037,-8.110172218278166,0.9824905163463723,-0.1534326606449518,-6.6789737095651835
7939939939.9399395,0.9800328598531345,-0.17518724913696698,-12.899745559291407,0.024948720097626106,-32.059034587021166,-8.115311949006815,0.024948720097626106,-32.059034587021166,-8.115311949006815,0.9826588397636142,-0.15194469371287597,-6.685114424608503
7945945945.945946,0.9802658930967746,-0.17312215467853614,-12.907033309195544,0.023344059434157696,-32.636472394641444,-8.120142390481448,0.023344059434157696,-32.636472394641444,-8.120142390481448,0.9828177459877177,-0.1505402079628271,-6.691187320420986
7951951951.951952,0.9804869833369955,-0.1711633505295469,-12.914224096776824,0.021795855810607105,-33.23252147623655,-8.12463525695102,0.021795855810607105,-33.23252147623655,-8.12463525695102,0.9829678728524449,-0.1492135267939678,-6.697194777358656
7957957957.957958,0.9806968902613526,-0.16930403645834868,-12.921321479396426,0.020301669098273786,-33.8493651034389,-8.128755198300178,0.020301669098273786,-33.8493651034389,-8.128755198300178,0.9831098094455083,-0.14795940993358786,-6.703139056986814
7963963963.963964,0.9808963178204985,-0.16753791515617403,-12.928328833664732,0.018859194190192666,-34.48953735204714,-8.13245786124401,0.018859194190192666,-34.48953735204714,-8.13245786124401,0.9832441002951993,-0.14677301566767975,-6.709022309398267
7969969969.969971,0.9810859188742328,-0.16585914987244932,-12.935249366781388,0.01746625379546517,-35.15600467128794,-8.135687246491774,0.01746625379546517,-35.15600467128794,-8.135687246491774,0.9833712491579595,-0.14564986670884889,-6.714846580006624
7975975975.975976,0.9812662994049551,-0.16426232604793076,-12.942086127040177,0.016120792266284475,-35.8522723667222,-8.138372047844037,0.016120792266284475,-35.8522723667222,-8.138372047844037,0.9834917224485887,-0.14458581931647346,-6.720613815856869
7981981981.981982,0.98143802234287,-0.16274241652887408,-12.948842013568619,0.01482087061311668,-36.58252568237415,-8.140420488185011,0.01482087061311668,-36.58252568237415,-8.140420488185011,0.9836059523500916,-0.1435770353281156,-6.726325871491717
7987987987.9879875,0.9816016110423605,-0.16129474999282145,-12.955519785365707,0.013564662987628283,-37.351819835219146,-8.141712884191506,0.013564662987628283,-37.351819835219146,-8.141712884191506,0.9837143396359568,-0.14261995680055542,-6.731984514408923
7993993993.993994,0.9817575524445852,-0.1599149822582507,-12.962122069695372,0.012350455121665745,-38.16634076195498,-8.142090688383199,0.012350455121665745,-38.16634076195498,-8.142090688383199,0.9838172562340654,-0.14171128299243174,-6.737591430141682
8000000000.0,0.9819062999574827,-0.1585990701871952,-12.968651369887993,0.011176645576535691,-39.0337704159203,-8.141339903931609,0.011176645576535691,-39.0337704159203,-8.141339903931609,0.9839150475581688,-0.14084794945078546,-6.743148226991469
8006006006.006006,0.9820482760810578,-0.1573432479214384,-12.97511007259754,0.010041751326970091,-39.963810753162726,-8.139165201525856,0.010041751326970091,-39.963810753162726,-8.139165201525856,0.9840080346300808,-0.14002710898978823,-6.748656440440183
8012012012.0120125,0.9821838748027545,-0.15614400522188177,-12.981500454557718,0.008944420491269646,-40.96895584222668,-8.135148062072076,0.008944420491269646,-40.96895584222668,-8.135148062072076,0.9840965160131866,-0.13924611437347387,-6.75411753726619
8018018018.018019,0.98231346378515,-0.15499806770502178,-12.987824688876545,0.00788345762799308,-42.06566524562029,-8.128676195819468,0.00788345762799308,-42.06566524562029,-8.128676195819468,0.9841807695757078,-0.13850250253435156,-6.759532919386729
8024024024.024024,0.982437386365809,-0.15390237879300261,-12.994084850905406,0.0068578726492227625,-43.27621167999848,-8.118818451251933,0.0068578726492227625,-43.27621167999848,-8.118818451251933,0.9842610541001605,-0.1377939801782013,-6.7649039274473495
8030030030.03003,0.9825559633871076,-0.1528540832127762,-13.000282923715481,0.0058669774870965755,-44.63171156530858,-8.10408935390139,0.0058669774870965755,-44.63171156530858,-8.10408935390139,0.9843376107537684,-0.13711841064084024,-6.770231844177259
8036036036.036036,0.9826694948719717,-0.15185051189740534,-13.006420803211547,0.004910587948684877,-46.177330126653985,-8.081971761833415,0.004910587948684877,-46.177330126653985,-8.081971761833415,0.9844106644329903,-0.13647380187732785,-6.775517897527926
8042042042.042042,0.9827782615598483,-0.15088916815772455,-13.012500302910663,0.0039894829904341825,-47.981667644911425,-8.047854495335846,0.0039894829904341825,-47.981667644911425,-8.047854495335846,0.9844804249940334,-0.13585829547596562,-6.780763263610879
8048048048.048048,0.9828825263157926,-0.14996771500598233,-13.01852315841083,0.0031065850239693133,-50.15433511408738,-7.99236678206189,0.0031065850239693133,-50.15433511408738,-7.99236678206189,0.9845470883799484,-0.13527015660106856,-6.785969069449302
8054054054.054054,0.9829825354242236,-0.1490839635254881,-13.024491031572762,0.0022705568680015872,-52.87735232714314,-7.8935676289635435,0.0022705568680015872,-52.87735232714314,-7.8935676289635435,0.9846108376538691,-0.13470776477799026,-6.7911363955569115
8060060060.0600605,0.983078519777782,-0.14823586219064327,-13.03040551443574,0.0015096791056117237,-56.42230711337341,-7.68948573839509,0.0015096791056117237,-56.42230711337341,-7.68948573839509,0.9846718439469703,-0.13416960544289408,-6.796266278356438
8066066066.066067,0.983170695970684,-0.14742148705144226,-13.036268132887066,0.0009397157032835184,-60.5400703146032,-7.185379505525886,0.0009397157032835184,-60.5400703146032,-7.185379505525886,0.9847302673289008,-0.1336542621872183,-6.801359712449122
8072072072.072072,0.9832592673050435,-0.14663903270500606,-13.042080350102825,0.0009159697358980372,-60.762377508075616,-6.296299102387081,0.0009159697358980372,-60.762377508075616,-6.296299102387081,0.9847862576076277,-0.13316040963426917,-6.806417652745721
8078078078.078078,0.9833444247178152,-0.14588680398433312,-13.047843569776333,0.0014242679342851314,-56.928166064604426,-5.779209442432845,0.0014242679342851314,-56.928166064604426,-5.779209442432845,0.9848399550650061,-0.13268680689101978,-6.811441016468665
8084084084.084084,0.9834263476352665,-0.1451632083012735,-13.053559139149336,0.0020838295127167147,-53.622756309322824,-5.570235391995608,0.0020838295127167147,-53.622756309322824,-5.570235391995608,0.98489149113374,-0.1322322915240969,-6.81643068503428
8090090090.09009,0.9835052047612711,-0.14446674858646164,-13.059228351859755,0.002771179344865048,-51.14670733376133,-5.469374574146105,0.002771179344865048,-51.14670733376133,-5.469374574146105,0.9849409890208655,-0.13179577401378945,-6.82138750582332
8096096096.096096,0.9835811548050308,-0.1437960167751991,-13.0648524506188,0.0034563744758220774,-49.227584212909704,-5.412677344183324,0.0034563744758220774,-49.227584212909704,-5.412677344183324,0.9849885642824048,-0.13137623264428214,-6.826312293847385
8102102102.102102,0.9836543471534428,-0.1431496877918948,-13.070432629729133,0.004130064860299323,-47.68086255888697,-5.377626664050758,0.004130064860299323,-47.68086255888697,-5.377626664050758,0.9850343253533872,-0.1309727087924167,-6.83120583331825
8108108108.1081085,0.9837249224926922,-0.14252651399148952,-13.075970037455022,0.004788793976906385,-46.395476934726716,-5.354649184772815,0.004788793976906385,-46.395476934726716,-5.354649184772815,0.985078374037049,-0.13058430258076123,-6.836068879126606
8114114114.114115,0.9837930133833709,-0.14192532001887584,-13.081465778254401,0.005431233226301124,-45.30203094941048,-5.339049289035739,0.005431233226301124,-45.30203094941048,-5.339049289035739,0.9851208059566698,-0.13021016886397024,-6.840902158236192
8120120120.12012,0.9838587447929203,-0.1413449980519007,-13.086920914882189,0.006056954862722919,-44.35491325496051,-5.328269617548434,0.006056954862722919,-44.35491325496051,-5.328269617548434,0.9851617109731805,-0.12984951352032997,-6.845706370998907
8126126126.126126,0.9839222345889168,-0.14078450339610507,-13.092336470373336,0.006665955750001883,-43.52275147205701,-5.3208033392687035,0.006665955750001883,-43.52275147205701,-5.3208033392687035,0.9852011735713857,-0.12950159002301267,-6.85048219239603
8132132132.132132,0.9839835939963958,-0.14024285040229764,-13.09771342991358,0.007258447361646989,-42.78312536666813,-5.3157068288594305,0.007258447361646989,-42.78312536666813,-5.3157068288594305,0.9852392732174109,-0.12916569626768024,-6.855230273210323
8138138138.138138,0.9840429280220789,-0.1397191086810799,-13.103052742605211,0.007834753880562376,-42.11949283647328,-5.312359830349139,0.007834753880562376,-42.11949283647328,-5.312359830349139,0.985276084689703,-0.12884117163558567,-6.859951241133471
8144144144.144144,0.9841003358481997,-0.1392123995899878,-13.108355323134653,0.008395258996554888,-41.51931802377757,-5.310338273331283,0.008395258996554888,-41.51931802377757,-5.310338273331283,0.985311678385766,-0.1285273942726673,-6.864645701812933
8150150150.15015,0.984155911198287,-0.13872189297195123,-13.113622053348124,0.008940376515684788,-40.9728838181734,-5.309342616991046,0.008940376515684788,-40.9728838181734,-5.309342616991046,0.9853461206065584,-0.12822377856741884,-6.869314239842042
8156156156.156157,0.9842097426771621,-0.13824680412475604,-13.118853783741262,0.009470533407917541,-40.47251119165302,-5.3091554061299595,0.009470533407917541,-40.47251119165302,-5.3091554061299595,0.9853794738203606,-0.12792977281135803,-6.873957419696893
8162162162.162163,0.9842619140871238,-0.1377863909836893,-13.124051334868133,0.009986159713051205,-40.012029847248165,-5.309615050579467,0.009986159713051205,-40.012029847248165,-5.309615050579467,0.985411796907731,-0.1276448570276772,-6.878575786623337
8168168168.168168,0.9843125047221896,-0.13733995150058034,-13.129215498674597,0.010487682401268832,-39.5864094573756,-5.31059903639869,0.010487682401268832,-39.5864094573756,-5.31059903639869,0.9854431453890398,-0.12736854095473987,-6.883169867477099
8174174174.174174,0.9843615896420653,-0.13690682120416103,-13.134347039760819,0.010975521600537875,-39.19149662380792,-5.31201283933705,0.010975521600537875,-39.19149662380792,-5.31201283933705,0.9854735716359481,-0.12710036217226356,-6.887740171519943
8180180180.18018,0.9844092399273885,-0.13648637092787302,-13.139446696577188,0.011450088285111602,-38.82382329427402,-5.313782404531404,0.011450088285111602,-38.82382329427402,-5.313782404531404,0.9855031250680746,-0.12683988435908042,-6.892287191174478
8186186186.186186,0.9844555229176792,-0.1360780046922173,-13.144515182557747,0.011911782889328672,-38.480464617451055,-5.3158489235300115,0.011911782889328672,-38.480464617451055,-5.3158489235300115,0.9855318523359818,-0.12658669567240183,-6.896811402740141
8192192192.192192,0.9845005024332676,-0.13568115773026207,-13.149553187194897,0.0123609945195891,-38.15893172249404,-5.318165130319558,0.0123609945195891,-38.15893172249404,-5.318165130319558,0.9855597974915481,-0.12634040723908158,-6.90131326707262
8198198198.198198,0.984544238982412,-0.1352952946453968,-13.154561377058894,0.012798100559255008,-37.857089634927895,-5.320692625242855,0.012798100559255008,-37.857089634927895,-5.320692625242855,0.9855870021466542,-0.1261006517506,-6.905793230228913
8204204204.204205,0.9845867899546963,-0.13491990769157775,-13.159540396765397,0.01322346653457093,-37.57309359067614,-5.3233999090169135,0.01322346653457093,-37.57309359067614,-5.3233999090169135,0.9856135056210887,-0.12586708215372688,-6.910251724079998
8210210210.210211,0.9846282098017083,-0.13455451516707498,-13.164490869894188,0.01363744615506202,-37.305339022635714,-5.3262609165214565,0.01363744615506202,-37.305339022635714,-5.3262609165214565,0.9856393450804611,-0.12563937042983625,-6.914689166893033
8216216216.216216,0.9846685502059341,-0.1341986599133363,-13.169413399861833,0.014040381470597916,-37.05242184935922,-5.329253908291302,0.014040381470597916,-37.05242184935922,-5.329253908291302,0.9856645556648731,-0.12541720645619164,-6.919105963884815
8222222222.222222,0.9847078602387069,-0.1338519079114663,-13.174308570751023,0.014432603105903205,-36.81310662473855,-5.332360621970665,0.014432603105903205,-36.81310662473855,-5.332360621970665,0.9856891706090248,-0.1252002969431898,-6.923502507748147
8228228228.228229,0.9847461865080085,-0.133513846969162,-13.179176948099052,0.014814430545563978,-36.58630075566296,-5.335565615346143,0.014814430545563978,-36.58630075566296,-5.335565615346143,0.985713221354386,-0.12498836444195899,-6.92787917915265
8234234234.234234,0.9847835732968364,-0.1331840854917298,-13.184019079647765,0.015186172450815362,-36.37103345356048,-5.338855752377149,0.015186172450815362,-36.37103345356048,-5.338855752377149,0.9857367376539999,-0.12478114641725715,-6.932236347221474
8240240240.24024,0.9848200626928045,-0.1328622513312077,-13.188835496057187,0.0155481269950037,-36.16643841535093,-5.342219797221789,0.0155481269950037,-36.16643841535093,-5.342219797221789,0.9857597476704635,-0.12457839438085314,-6.936574369985219
8246246246.246246,0.9848556947095981,-0.1325479907080353,-13.193626711584814,0.01590058220850207,-35.971739469175134,-5.345648090711526,0.01590058220850207,-35.971739469175134,-5.345648090711526,0.9857822780675606,-0.12437987308113857,-6.940893594814362
8252252252.252253,0.9848905074008436,-0.13224096720026565,-13.19839322473253,0.016243816326568836,-35.78623859689858,-5.349132290404681,0.016243816326568836,-35.78623859689858,-5.349132290404681,0.9858043540960079,-0.12418535974490494,-6.9451943588313565
8258258258.258259,0.9849245369669231,-0.13194086079558376,-13.203135518862922,0.01657809813556209,-35.60930587692977,-5.352665160125555,0.01657809813556209,-35.60930587692977,-5.352665160125555,0.9858259996737273,-0.12399464336759687,-6.949476989303512
8264264264.264265,0.9849578178552059,-0.13164736700190505,-13.207854062786677,0.016903687314292874,-35.44037098988292,-5.356240398354361,0.016903687314292874,-35.44037098988292,-5.356240398354361,0.98584723746102,-0.12380752404872215,-6.953741804017709
8270270270.27027,0.9849903828541726,-0.13136019601231982,-13.212549311322595,0.017220834768285558,-35.27891600483297,-5.359852497365781,0.017220834768285558,-35.27891600483297,-5.359852497365781,0.9858680889310186,-0.12362381236906729,-6.957989111637901
8276276276.276277,0.9850222631818071,-0.13107907192102056,-13.21722170583179,0.017529782955432695,-35.12446922158269,-5.363496626887838,0.017529782955432695,-35.12446922158269,-5.363496626887838,0.9858885744357153,-0.1234433288070865,-6.962219212046348
8282282282.282282,0.985053488568682,-0.13080373198641818,-13.221871674727328,0.017830766202048078,-34.976599888964046,-5.367168537452961,0.017830766202048078,-34.976599888964046,-5.367168537452961,0.985908713267898,-0.12326590319150724,-6.966432396669414
8288288288.288288,0.9850840873360545,-0.1305339259386277,-13.226499633960753,0.018124011008706004,-34.83491365395898,-5.370864479669087,0.018124011008706004,-34.83491365395898,-5.370864479669087,0.9859285237192539,-0.1230913741878595,-6.970628948788779
8294294294.294294,0.9851140864693394,-0.1302694153280352,-13.231105987486607,0.018409736345530045,-34.69904862372889,-5.374581136441693,0.018409736345530045,-34.69904862372889,-5.374581136441693,0.9859480231349086,-0.1229195888165498,-6.974809143838785
8300300300.300301,0.9851435116872256,-0.13000997291259317,-13.235691127706161,0.018688153936800313,-34.56867194423532,-5.378315565793519,0.018688153936800313,-34.56867194423532,-5.378315565793519,0.9859672279646482,-0.12275040200028244,-6.978973249690656
8306306306.306307,0.9851723875067634,-0.12975538208090504,-13.2402554358914,0.018959468534895628,-34.443476816327355,-5.382065152404566,0.018959468534895628,-34.443476816327355,-5.382065152404566,0.9859861538110251,-0.12258367613905197,-6.983121526924261
8312312312.312312,0.9852007373046416,-0.12950543630916453,-13.244799282590328,0.019223878183695906,-34.3231798839461,-5.385827566365173,0.019223878183695906,-34.3231798839461,-5.385827566365173,0.9860048154745817,-0.12241928071062906,-6.987254229088066
8318318318.318318,0.9852285833749309,-0.12925993864947774,-13.24932302801451,0.01948157447164467,-34.20751894020019,-5.389600727925298,0.01948157447164467,-34.20751894020019,-5.389600727925298,0.9860232269963605,-0.1222570918950551,-6.991371602947856
8324324324.324325,0.9852559469835175,-0.12901870124757414,-13.253827022409746,0.01973274277472848,-34.09625090606443,-5.393382777251718,0.01973274277472848,-34.09625090606443,-5.393382777251718,0.9860414016978915,-0.12209699222143348,-6.995473888724799
8330330330.330331,0.9852828484194114,-0.1287815448882682,-13.258311606410786,0.019977562489664563,-33.98915004378895,-5.397172048386626,0.019977562489664563,-33.98915004378895,-5.397172048386626,0.9860593522188209,-0.12193887023559308,-6.999561320323387
8336336336.336336,0.9853093070431624,-0.12854829856659428,-13.262777111380833,0.020216207257615443,-33.88600637311095,-5.400967046745855,0.020216207257615443,-33.88600637311095,-5.400967046745855,0.9860770905523192,-0.12178262018737951,-7.003634125549761
8342342342.342342,0.9853353413325439,-0.12831879908319227,-13.267223859736603,0.020448845178759657,-33.786624263307544,-5.404766429611302,0.020448845178759657,-33.786624263307544,-5.404766429611302,0.9860946280784458,-0.1216281417360096,-7.0076925263208665
8348348348.348349,0.9853609689256807,-0.1280928906623669,-13.271652165259678,0.020675639018058453,-33.69082117821408,-5.408568989165905,0.020675639018058453,-33.69082117821408,-5.408568989165905,0.986111975595551,-0.12147533967278473,-7.011736738864936
8354354354.354355,0.9853862066617772,-0.12787042459145073,-13.27606233339479,0.02089674640255841,-33.598426554728384,-5.4123736376955325,0.02089674640255841,-33.598426554728384,-5.4123736376955325,0.9861291433498935,-0.12132412365956571,-7.015766973913663
8360360360.36036,0.9854110706196009,-0.12765125888006817,-13.280454661535723,0.021112320010568945,-33.50928079815218,-5.416179394644222,0.021112320010568945,-33.50928079815218,-5.416179394644222,0.9861461410635479,-0.12117440798237623,-7.019783436886505
8366366366.366366,0.9854355761538518,-0.12743525793815333,-13.284829439299358,0.021322507753046793,-33.42323438009257,-5.4199853752596905,0.021322507753046793,-33.42323438009257,-5.4199853752596905,0.9861629779607247,-0.12102611131902055,-7.023786328067497
8372372372.372373,0.9854597379295469,-0.12722229227157728,-13.289186948788522,0.02152745294751415,-33.340147026638725,-5.423790780607958,0.02152745294751415,-33.340147026638725,-5.423790780607958,0.9861796627926096,-0.12087915651979775,-7.027775842774891
8378378378.378379,0.9854835699545469,-0.12701223819423907,-13.293527464844088,0.021727294484826964,-33.25988698621086,-5.427594888770097,0.021727294484826964,-33.25988698621086,-5.427594888770097,0.9861962038607885,-0.1207334704007061,-7.031752171524007
8384384384.384384,0.9855070856103256,-0.12680497755574358,-13.297851255286895,0.021922166989101006,-33.182330367901805,-5.431397047062767,0.021922166989101006,-33.182330367901805,-5.431397047062767,0.9862126090393842,-0.12058898354803516,-7.03571550018358
8390390390.39039,0.9855302976810981,-0.12660039748362595,-13.30215858114996,0.02211220097109266,-33.10736054234084,-5.4351966651478545,0.02211220097109266,-33.10736054234084,-5.4351966651478545,0.9862288857959426,-0.1204456301339999,-7.039666010125929
8396396396.396397,0.9855532183813974,-0.12639839013932672,-13.306449696901392,0.022297522975318784,-33.034867598141,-5.438993208916318,0.022297522975318784,-33.034867598141,-5.438993208916318,0.9862450412111764,-0.12030334774247137,-7.043603878371211
8402402402.402403,0.9855758593821972,-0.12619885248705523,-13.310724850658506,0.02247825572119261,-32.96474784787075,-5.442786195047923,0.02247825572119261,-32.96474784787075,-5.442786195047923,0.9862610819976217,-0.12016207720431103,-7.047529277726061
8408408408.408408,0.9855982318356575,-0.1260016860748508,-13.314984284393486,0.022654518238436804,-32.896903378248666,-5.44657518616256,0.022654518238436804,-32.896903378248666,-5.44657518616256,0.9862770145172723,-0.1200217624417329,-7.051442376916835
8414414414.414414,0.9856203463985874,-0.12580679682701995,-13.319228234131016,0.022826425997027593,-32.83124163990782,-5.450359786490508,0.022826425997027593,-32.83124163990782,-5.450359786490508,0.9862928447982596,-0.11988235032109372,-7.055343340717746
8420420420.420421,0.9856422132546809,-0.1256140948474309,-13.323456930138242,0.0229940910319112,-32.76767507263828,-5.454139637999,0.0229940910319112,-32.76767507263828,-5.454139637999,0.9863085785506297,-0.11974379051365935,-7.059232330074075
8426426426.426427,0.9856638421356152,-0.12542349423289548,-13.327670597107408,0.023157622062723728,-32.70612076250014,-5.457914416920939,0.023157622062723728,-32.70612076250014,-5.457914416920939,0.9863242211812753,-0.11960603536383341,-7.063109502220733
8432432432.432432,0.9856852423410651,-0.1252349128961438,-13.331869454331468,0.023317124608734602,-32.646500127620335,-5.461683830638706,0.023317124608734602,-32.646500127620335,-5.461683830638706,0.9863397778080678,-0.11946903976444848,-7.066975010796314
8438438438.438438,0.9857064227576949,-0.12504827239786157,-13.33605371587305,0.023472701099224832,-32.58873862985114,-5.465447614882201,0.023472701099224832,-32.58873862985114,-5.465447614882201,0.9863552532732429,-0.11933276103865091,-7.070829005952904
8444444444.444445,0.9857273918771936,-0.12486349778719229,-13.340223590727014,0.023624450979501443,-32.5327655097865,-5.469205531205523,0.023624450979501443,-32.5327655097865,-5.469205531205523,0.9863706521560764,-0.1191971588280487,-7.074671634461781
8450450450.450451,0.985748157813401,-0.1246805174502936,-13.344379282976895,0.023772470812738526,-32.478513542910946,-5.472957364711134,0.023772470812738526,-32.478513542910946,-5.472957364711134,0.9863859787848942,-0.11906219498674223,-7.078503039815219
8456456456.456456,0.9857687283185761,-0.12449926296648607,-13.34852099194552,0.023916854377830258,-32.42591881489763,-5.476702921994323,0.023916854377830258,-32.42591881489763,-5.476702921994323,0.9864012372484583,-0.1189278334808589,-7.082323362324545
8462462462.462462,0.9857891107988597,-0.12431966897153765,-13.352648912340037,0.02405769276342774,-32.37492051428696,-5.480442029284008,0.02405769276342774,-32.37492051428696,-5.480442029284008,0.9864164314067629,-0.11879404029330093,-7.086132739214616
8468468468.468469,0.9858093123289672,-0.12414167302775753,-13.35676323439159,0.024195074458327685,-32.32546074096365,-5.4841745307589385,0.024195074458327685,-32.32546074096365,-5.4841745307589385,0.986431564901267,-0.11866078333346472,-7.089931304714871
8474474474.474475,0.9858293396661695,-0.12396521550039728,-13.360864143989891,0.024329085438371104,-32.277484329015465,-5.487900287020761,0.024329085438371104,-32.277484329015465,-5.487900287020761,0.9864466411646072,-0.11852803235154684,-7.093719190147106
8480480480.48048,0.9858491992635768,-0.12379023944021642,-13.364951822812902,0.024459809250002906,-32.230938682702906,-5.491619173707646,0.024459809250002906,-32.230938682702906,-5.491619173707646,0.9864616634298128,-0.11839575885724622,-7.097496524010103
8486486486.486486,0.9858688972827953,-0.12361669047160367,-13.369026448451809,0.02458732709063627,-32.18577362439801,-5.4953310802340205,0.02458732709063627,-32.18577362439801,-5.4953310802340205,0.9864766347390558,-0.11826393604256906,-7.101263432061244
8492492492.492493,0.985888439605952,-0.12344451668627981,-13.373088194531512,0.024711717885959904,-32.141941253463806,-5.499035908643655,0.024711717885959904,-32.141941253463806,-5.499035908643655,0.9864915579519509,-0.11813253870860821,-7.105020037395248
8498498498.498499,0.9859078318471621,-0.12327366854194534,-13.377137230826836,0.024833058364318112,-32.09939581514858,-5.50273357256473,0.024833058364318112,-32.09939581514858,-5.50273357256473,0.9865064357534528,-0.11800154319587361,-7.108766460520139
8504504504.504504,0.9859270793634395,-0.12310409876584819,-13.38117372337458,0.024951423128289244,-32.05809357865792,-5.506423996256841,0.024951423128289244,-32.05809357865792,-5.506423996256841,0.9865212706613428,-0.11787092731824864,-7.112502819430564
8510510510.51051,0.9859461872650854,-0.12293576226296468,-13.38519783458166,0.02506688472358078,-32.017992723648725,-5.51010711374095,0.02506688472358078,-32.017992723648725,-5.51010711374095,0.9865360650333587,-0.11774067030009486,-7.116229229678561
8516516516.516517,0.9859651604256017,-0.12276861602839641,-13.389209723329412,0.02517951370535489,-31.97905323446015,-5.513782868004279,0.02517951370535489,-31.97905323446015,-5.513782868004279,0.98655082107396,-0.11761075271657374,-7.119945804441902
8522522522.522523,0.9859840034911233,-0.12260261906400899,-13.3932095450743,0.025289378702092462,-31.941236801460914,-5.517451210273026,0.025289378702092462,-31.941236801460914,-5.517451210273026,0.9865655408407691,-0.11748115643682844,-7.123652654590074
8528528528.528528,0.9860027208894193,-0.1224377322988942,-13.397197451945123,0.02539654647709912,-31.90450672894915,-5.521112099346518,0.02539654647709912,-31.90450672894915,-5.521112099346518,0.9865802262506957,-0.11735186456996032,-7.127349888748031
8534534534.534534,0.9860213168384795,-0.12227391851349771,-13.401173592836885,0.025501081987750775,-31.868827849092845,-5.524765500987054,0.025501081987750775,-31.868827849092845,-5.524765500987054,0.9865948790857595,-0.11722286141367014,-7.131037613357789
8540540540.540541,0.9860397953546954,-0.1221111422673264,-13.405138113501426,0.02560304844257312,-31.83416644144426,-5.528411387360328,0.02560304844257312,-31.83416644144426,-5.528411387360328,0.9866095009986392,-0.11709413240530717,-7.134715932737925
8546546546.546547,0.9860581602606772,-0.12194936982988624,-13.409091156635018,0.025702507356244887,-31.8004901576034,-5.532049736521859,0.025702507356244887,-31.8004901576034,-5.532049736521859,0.9866240935179471,-0.1169656640753493,-7.138384949141126
8552552552.552552,0.9860764151927062,-0.1217885691148312,-13.413032861962947,0.025799518602609504,-31.767767950642995,-5.5356805319452125,0.025799518602609504,-31.767767950642995,-5.5356805319452125,0.986638658053256,-0.11683744400306101,-7.1420447628097845
8558558558.558558,0.9860945636078553,-0.12162870961705938,-13.416963366321298,0.025894140465777343,-31.735970008940573,-5.5393037620883545,0.025894140465777343,-31.735970008940573,-5.5393037620883545,0.9866531958998868,-0.11670946077426583,-7.14569547202979
8564564564.564565,0.9861126087907848,-0.12146976235267251,-13.420882803735985,0.025986429689396278,-31.705067694093785,-5.542919419994765,0.025986429689396278,-31.705067694093785,-5.542919419994765,0.9866677082434646,-0.11658170394115822,-7.149337173182541
8570570570.570571,0.9861305538602362,-0.1213116998016054,-13.42479130549915,0.02607644152416454,-31.675033482622503,-5.546527502926216,0.02607644152416454,-31.675033482622503,-5.546527502926216,0.9866821961642718,-0.11645416398391374,-7.152969960795247
8576576576.576576,0.9861484017752346,-0.1211544958528367,-13.428689000243056,0.026164229773657233,-31.645840911185754,-5.550128012024575,0.026164229773657233,-31.645840911185754,-5.550128012024575,0.9866966606413831,-0.11632683227421196,-7.15659392758962
8582582582.582582,0.9861661553410205,-0.12099812575198593,-13.43257601401155,0.026249846838534447,-31.617464525064015,-5.5537209520000745,0.026249846838534447,-31.617464525064015,-5.5537209520000745,0.9867111025566174,-0.11619970104038431,-7.160209164528996
8588588588.588589,0.9861838172147126,-0.12084256605129395,-13.436452470329186,0.02633334375919488,-31.58987982967816,-5.557306330843829,0.02633334375919488,-31.58987982967816,-5.557306330843829,0.9867255226983097,-0.11607276333414761,-7.16381576086391
8594594594.594595,0.9862013899107335,-0.12068779456169527,-13.440318490268101,0.02641477025693795,-31.563063244933986,-5.560884159562569,0.02641477025693795,-31.563063244933986,-5.560884159562569,0.9867399217648954,-0.11594601299898673,-7.167413804176265
8600600600.600601,0.9862188758059903,-0.12053379030705678,-13.444174192512747,0.026494174773692623,-31.536992062198955,-5.564454451933733,0.026494174773692623,-31.536992062198955,-5.564454451933733,0.9867543003683451,-0.11581944463986535,-7.171003380422067
8606606606.606606,0.9862362771448299,-0.1203805334804135,-13.448019693422546,0.026571604510370394,-31.51164440373215,-5.5680172242792505,0.026571604510370394,-31.51164440373215,-5.5680172242792505,0.9867686590374378,-0.11569305359435292,-7.174584573972826
8612612612.612614,0.986253596043793,-0.12022800540197262,-13.451855107092522,0.026647105463895242,-31.486999184403395,-5.571572495256477,0.026647105463895242,-31.486999184403395,-5.571572495256477,0.9867829982208806,-0.11556683590511464,-7.178157467655662
8618618618.618618,0.9862708344961479,-0.12007618847907796,-13.455680545412033,0.026720722462963517,-31.46303607554906,-5.5751202856648945,0.026720722462963517,-31.46303607554906,-5.5751202856648945,0.9867973182902967,-0.11544078829355335,-7.181722142792151
8624624624.624626,0.9862879943762471,-0.11992506616772658,-13.459496118121642,0.026792499202582403,-31.43973547082457,-5.57866061826733,0.026792499202582403,-31.43973547082457,-5.57866061826733,0.986811619543075,-0.11531490813468422,-7.185278679235981
8630630630.63063,0.986305077443684,-0.1197746229358612,-13.463301932868196,0.026862478277434418,-31.41707845392377,-5.582193517624483,0.026862478277434418,-31.41707845392377,-5.582193517624483,0.986825902205089,-0.11518919343314729,-7.188827155409425
8636636636.636637,0.9863220853472903,-0.1196248442280658,-13.467098095258205,0.02693070121411312,-31.395046768045134,-5.585719009941784,0.02693070121411312,-31.395046768045134,-5.585719009941784,0.9868401664333044,-0.11506364280021925,-7.19236764833873
8642642642.642643,0.9863390196289524,-0.11947571643186196,-13.470884708909535,0.02699720850227394,-31.37362278699342,-5.589237122927566,0.02699720850227394,-31.37362278699342,-5.589237122927566,0.9868544123182632,-0.11493825543189694,-7.195900233688397
8648648648.64865,0.9863558817272763,-0.11932722684534752,-13.474661875501535,0.02706203962474023,-31.352789487814196,-5.592747885661661,0.02706203962474023,-31.352789487814196,-5.592747885661661,0.9868686398864649,-0.11481303108790197,-7.199424985794431
8654654654.654655,0.9863726729811019,-0.1191793636461565,-13.478429694823607,0.027125233086605763,-31.33253042486514,-5.596251328473678,0.027125233086605763,-31.33253042486514,-5.596251328473678,0.9868828491026386,-0.1146879700716407,-7.202941977696603
8660660660.66066,0.9863893946328662,-0.11903211586176399,-13.482188264822286,0.027186826443370584,-31.312829705235682,-5.599747482830143,0.027186826443370584,-31.312829705235682,-5.599747482830143,0.98689703987192,-0.11456307321100442,-7.206451281169727
8666666666.666668,0.9864060478318335,-0.11888547334096303,-13.485937681646925,0.02724685632814708,-31.29367196543251,-5.603236381229892,0.02724685632814708,-31.29367196543251,-5.603236381229892,0.9869112120419374,-0.11443834183997485,-7.209952966754011
8672672672.672672,0.9864226336371928,-0.11873942672650906,-13.489678039693949,0.027305358477970967,-31.275042349254186,-5.6067180571070425,0.027305358477970967,-31.275042349254186,-5.6067180571070425,0.9869253654047978,-0.11431377778110652,-7.213447103784509
8678678678.678679,0.9864391530210342,-0.11859396742884422,-13.493409431649821,0.027362367759250557,-31.25692648678379,-5.610192544741023,0.027362367759250557,-31.25692648678379,-5.610192544741023,0.9869394996990026,-0.11418938332863146,-7.21693376041971
8684684684.684685,0.9864556068711925,-0.11844908760098465,-13.497131948532708,0.027417918192386648,-31.239310474432852,-5.61365987917309,0.027417918192386648,-31.239310474432852,-5.61365987917309,0.9869536146112716,-0.11406516123237641,-7.220413003669273
8690690690.690691,0.9864719959939958,-0.11830478011425179,-13.5008456797329,0.027472042975593133,-31.22218085597509,-5.617120096128888,0.027472042975593133,-31.22218085597509,-5.617120096128888,0.9869677097782903,-0.11394111468235073,-7.2238848994209715
8696696696.696697,0.9864883211168877,-0.1181610385351233,-13.504550713052044,0.02752477450794826,-31.205524604511986,-5.620573231946577,0.02752477450794826,-31.205524604511986,-5.620573231946577,0.9869817847883933,-0.11381724729390166,-7.227349512466842
8702702702.702702,0.9865045828909539,-0.11801785710291988,-13.508247134741222,0.027576144411704435,-31.18932910531655,-5.624019323510145,0.027576144411704435,-31.18932910531655,-5.624019323510145,0.9869958391831644,-0.11369356309360362,-7.230806906528585
8708708708.70871,0.9865207818933502,-0.11787523070837272,-13.511935029537916,0.02762618355388395,-31.1735821395049,-5.627458408187534,0.02762618355388395,-31.1735821395049,-5.627458408187534,0.9870098724589846,-0.11357006650560629,-7.234257144282238
8714714714.714714,0.986536918629634,-0.1177331548730383,-13.51561448070188,0.02767492206718566,-31.158271868488953,-5.630890523773176,0.02767492206718566,-31.158271868488953,-5.630890523773176,0.9870238840685026,-0.11344676233866954,-7.237700287382128
8720720720.720722,0.9865529935360001,-0.1175916257295557,-13.51928557005,0.02772238937022934,-31.143386819165872,-5.63431570843472,0.02772238937022934,-31.143386819165872,-5.63431570843472,0.987037873422054,-0.11332365577364359,-7.241136396484178
8726726726.726727,0.9865690069814382,-0.11745064000260401,-13.522948377990119,0.027768614187159035,-31.128915869803947,-5.637734000663532,0.027768614187159035,-31.128915869803947,-5.637734000663532,0.9870518398890202,-0.11320075235148724,-7.244565531268507
8732732732.732733,0.9865849592698028,-0.11731019499062581,-13.526602983553929,0.027813624566631077,-31.114848236585622,-5.6411454392288425,0.027813624566631077,-31.114848236585622,-5.6411454392288425,0.9870657827991336,-0.11307805796176265,-7.247987750461441
8738738738.738739,0.986600850641804,-0.11717028854825279,-13.53024946442887,0.027857447900206313,-31.10117346077251,-5.644550063135099,0.027857447900206313,-31.10117346077251,-5.644550063135099,0.9870797014437258,-0.11295557883162113,-7.251403111856876
8744744744.744745,0.9866166812769233,-0.11703091906939422,-13.53388789698919,0.0279001109401696,-31.087881396458023,-5.647947911582508,0.0279001109401696,-31.087881396458023,-5.647947911582508,0.9870935950769306,-0.11283332151520074,-7.254811672337063
8750750750.750751,0.9866324512952565,-0.11689208547096588,-13.537518356326068,0.02794163981679535,-31.074962198876463,-5.651339023930369,0.02794163981679535,-31.074962198876463,-5.651339023930369,0.9871074629168405,-0.11271129288342618,-7.258213487892807
8756756756.756756,0.9866481607592912,-0.11675378717720256,-13.541140916276918,0.027982060055079958,-31.062406313238537,-5.654723439663095,0.027982060055079958,-31.062406313238537,-5.654723439663095,0.9871213041466083,-0.11258950011429458,-7.261608613643124
8762762762.762764,0.9866638096756083,-0.11661602410463714,-13.54475564945389,0.02802139659095858,-31.050204464065757,-5.658101198358731,0.02802139659095858,-31.050204464065757,-5.658101198358731,0.9871351179155188,-0.1124679506834267,-7.2649971038543395
8768768768.768768,0.9866793979965309,-0.1164787966475449,-13.548362627271523,0.028059673787024963,-31.03834764499744,-5.661472339659734,0.028059673787024963,-31.03834764499744,-5.661472339659734,0.9871489033400055,-0.11234665235510283,-7.268379011958681
8774774774.774775,0.9866949256217082,-0.11634210566396416,-13.5519619199737,0.028096915447771903,-31.02682710904553,-5.664836903245973,0.028096915447771903,-31.02682710904553,-5.664836903245973,0.9871626595046388,-0.11222561317354882,-7.271754390572365
8780780780.78078,0.9867103923996362,-0.11620595246227299,-13.555553596659808,0.028133144834367657,-31.01563435927462,-5.668194928809653,0.028133144834367657,-31.01563435927462,-5.668194928809653,0.9871763854630685,-0.11210484145462522,-7.2751232915131885
8786786786.786787,0.9867257981291309,-0.11607033878818575,-13.559137725310197,0.028168384678985896,-31.004761139884877,-5.671546456032165,0.028168384678985896,-31.004761139884877,-5.671546456032165,0.987190080238934,-0.11198434577780583,-7.278485765817648
8792792792.792793,0.9867411425607443,-0.11593526681225563,-13.562714372810962,0.028202657198703372,-30.994199427677763,-5.674891524562653,0.028202657198703372,-30.994199427677763,-5.674891524562653,0.9872037428267398,-0.11186413497845284,-7.281841863757611
8798798798.798798,0.9867564253981292,-0.1158007391178313,-13.566283604978018,0.028235984108980424,-30.98394142388524,-5.67823017399819,0.028235984108980424,-30.98394142388524,-5.67823017399819,0.9872173721926948,-0.11174421814042593,-7.285191634856536
8804804804.804806,0.9867716462993538,-0.1156667586894536,-13.569845486580554,0.028268386636738817,-30.973979546344083,-5.681562443865497,0.028268386636738817,-30.973979546344083,-5.681562443865497,0.9872309672755246,-0.11162460458891214,-7.28853512790526
8810810810.81081,0.9867868048781738,-0.11553332890162542,-13.573400081363825,0.028299885533049816,-30.96430642199855,-5.684888373604025,0.028299885533049816,-30.96430642199855,-5.684888373604025,0.9872445269872506,-0.11150530388356517,-7.291872390977373
8816816816.816818,0.9868019007052542,-0.11540045350803707,-13.576947452071385,0.02833050108544671,-30.95491487971485,-5.688208002550404,0.02833050108544671,-30.95491487971485,-5.688208002550404,0.9872580502139395,-0.11138632581189438,-7.295203471444203
8822822822.822823,0.986816933309352,-0.11526813663112159,-13.580487660466659,0.028360253129873246,-30.945797943392574,-5.691521369924076,0.028360253129873246,-30.945797943392574,-5.691521369924076,0.9872715358164285,-0.11126768038287455,-7.29852841598938
8828828828.828829,0.9868319021784535,-0.11513638275202556,-13.584020767353998,0.02838916106228138,-30.93694882535835,-5.694828514814102,0.02838916106228138,-30.93694882535835,-5.694828514814102,0.9872849826310209,-0.11114937782081122,-7.301847270623054
8834834834.834835,0.9868468067608778,-0.11500519670086674,-13.587546832599159,0.028417243849888446,-30.928360920028574,-5.698129476167011,0.028417243849888446,-30.928360920028574,-5.698129476167011,0.987298389470158,-0.11103142855942562,-7.305160080695725
8840840840.840841,0.9868616464663368,-0.11487458364738354,-13.59106591514923,0.028444520042106992,-30.920027797827903,-5.70142429277567,0.028444520042106992,-30.920027797827903,-5.70142429277567,0.9873117551230676,-0.11091384323613265,-7.308466890911719
8846846846.846848,0.9868764206669591,-0.1147445490919016,-13.594578073052071,0.028471007781156413,-30.911943199351736,-5.704713003269063,0.028471007781156413,-30.911943199351736,-5.704713003269063,0.9873250783563848,-0.11079663268657171,-7.311767745342331
8852852852.852852,0.9868911286982852,-0.11461509885655347,-13.598083363475208,0.028496724812367917,-30.90410102976112,-5.70799564610296,0.028496724812367917,-30.90410102976112,-5.70799564610296,0.9873383579147558,-0.11067980793929046,-7.315062687438621
8858858858.85886,0.9869057698602196,-0.11448623907687665,-13.601581842724269,0.028521688494192093,-30.89649535339923,-5.711272259551373,0.028521688494192093,-30.89649535339923,-5.711272259551373,0.9873515925214222,-0.11056338021058859,-7.3183517600438925
8864864864.864864,0.9869203434179571,-0.1143579761936444,-13.605073566260925,0.028545915807919774,-30.88912038861908,-5.714542881698795,0.028545915807919774,-30.88912038861908,-5.714542881698795,0.9873647808787731,-0.11044736089966195,-7.321635005405849
8870870870.87087,0.9869348486028781,-0.11423031694496721,-13.608558588720383,0.028569423367124577,-30.881970502812855,-5.71780755043312,0.028569423367124577,-30.881970502812855,-5.71780755043312,0.9873779216688959,-0.11033176158374272,-7.3249124651884525
8876876876.876877,0.9869492846134081,-0.11410326835870983,-13.612036963928421,0.0285922274268364,-30.87504020763371,-5.721066303439241,0.0285922274268364,-30.87504020763371,-5.721066303439241,0.9873910135540904,-0.11021659401357592,-7.32818418048348
8882882882.882883,0.9869636506158572,-0.11397683774509149,-13.615508744917994,0.02861434389245508,-30.868324154401066,-5.7243191781932605,0.02861434389245508,-30.868324154401066,-5.7243191781932605,0.9874040551773758,-0.11010187010895046,-7.331450191821802
8888888888.88889,0.986977945745226,-0.11385103268957186,-13.618973983945423,0.02863578832841168,-30.861817129681462,-5.727566211957265,0.02863578832841168,-30.861817129681462,-5.727566211957265,0.9874170451629816,-0.1099876019543783,-7.334710539184361
8894894894.894894,0.9869921691059871,-0.1137258610459632,-13.622432732506171,0.028656575966586613,-30.855514051036728,-5.730807441774655,0.028656575966586613,-30.855514051036728,-5.730807441774655,0.9874299821168114,-0.1098738017950056,-7.337965262012904
8900900900.900902,0.9870063197728388,-0.11360133092978153,-13.625885041350223,0.0286767217144909,-30.84940996293254,-5.73404290446596,0.0286767217144909,-30.84940996293254,-5.73404290446596,0.9874428646269033,-0.10976048203256558,-7.341214399220435
8906906906.906906,0.987020396791442,-0.1134774507117513,-13.629330960497079,0.0286962401632197,-30.84350003279972,-5.737272636625134,0.0286962401632197,-30.84350003279972,-5.737272636625134,0.9874556912638702,-0.10964765522149604,-7.344457989201414
8912912912.912914,0.987034399179123,-0.11335422901160803,-13.63277053925039,0.028715145595183806,-30.837779547242143,-5.740496674616278,0.028715145595183806,-30.837779547242143,-5.740496674616278,0.9874684605813197,-0.10953533406524604,-7.347696069841724
8918918918.918919,0.9870483259255608,-0.1132316746920345,-13.636203826212196,0.028733451991627273,-30.832243908384456,-5.743715054570767,0.028733451991627273,-30.832243908384456,-5.743715054570767,0.9874811711162719,-0.10942353141259573,-7.3509286785283585
8924924924.924925,0.9870621759934545,-0.11310979685278572,-13.639630869296859,0.02875117303993736,-30.826888630353725,-5.746927812384785,0.02875117303993736,-30.826888630353725,-5.746927812384785,0.9874938213895532,-0.10931226025419466,-7.354155852158926
8930930930.930931,0.9870759483191589,-0.11298860482507816,-13.643051715744615,0.02876832214075318,-30.821709335889338,-5.750134983717173,0.02876832214075318,-30.821709335889338,-5.750134983717173,0.9875064099061849,-0.10920153371914072,-7.357377627150885
8936936936.936937,0.9870896418133163,-0.11286810816602712,-13.646466412134817,0.028784912414879717,-30.81670175307554,-5.753336603987644,0.028784912414879717,-30.81670175307554,-5.753336603987644,0.9875189351557553,-0.10909136507170414,-7.360594039450578
8942942942.942944,0.9871032553614514,-0.11274831665339914,-13.649875004398844,0.028800956710012954,-30.811861712191497,-5.756532708375277,0.028800956710012954,-30.811861712191497,-5.756532708375277,0.9875313956127789,-0.10898176770817117,-7.363805124542045
8948948948.948948,0.9871167878245654,-0.11262924028038115,-13.6532775378327,0.028816467607282154,-30.807185142673905,-5.759723331817329,0.028816467607282154,-30.807185142673905,-5.759723331817329,0.9875437897370507,-0.10887275515372755,-7.367010917455632
8954954954.954956,0.9871302380396969,-0.11251088925063447,-13.656674057109313,0.028831457427614324,-30.802668070187593,-5.762908509008293,0.028831457427614324,-30.802668070187593,-5.762908509008293,0.987556115973982,-0.10876434105950439,-7.370211452776396
8960960960.96096,0.987143604820472,-0.11239327397345233,-13.660064606290536,0.02884593823792774,-30.79830661379923,-5.766088274399203,0.02884593823792774,-30.79830661379923,-5.766088274399203,0.9875683727549315,-0.10865653919966789,-7.373406764652296
8966966966.966967,0.9871568869576436,-0.11227640505900699,-13.663449228838857,0.02885992185715798,-30.794096983250377,-5.7692626621972005,0.02885992185715798,-30.794096983250377,-5.7692626621972005,0.9875805584975216,-0.10854936346864118,-7.376596886802232
8972972972.972973,0.987170083219603,-0.11216029331384282,-13.66682796762883,0.0288734198621229,-30.790035476325464,-5.772431706365277,0.0288734198621229,-30.790035476325464,-5.772431706365277,0.9875926716059511,-0.10844282787835419,-7.379781852523843
8978978978.97898,0.9871831923528843,-0.11204494973643661,-13.670200864958247,0.02888644359323062,-30.786118476311017,-5.775595440622252,0.02888644359323062,-30.786118476311017,-5.775595440622252,0.9876047104712926,-0.10833694655563267,-7.382961694701177
8984984984.984985,0.9871962130826528,-0.11193038551289727,-13.673567962559027,0.02889900416003613,-30.782342449542192,-5.778753898442919,0.02889900416003613,-30.782342449542192,-5.778753898442919,0.987616673471784,-0.10823173373963767,-7.386136445812149
8990990990.99099,0.9872091441131761,-0.11181661201281676,-13.67692930160786,0.028911112446650025,-30.77870394303345,-5.781907113058371,0.028911112446650025,-30.77870394303345,-5.781907113058371,0.9876285589731117,-0.10812720377937562,-7.389306137935835
8996996996.996998,0.9872219841282871,-0.11170364078519388,-13.680284922736606,0.028922779117004627,-30.77519958218971,-5.785055117456493,0.028922779117004627,-30.77519958218971,-5.785055117456493,0.987640365328685,-0.10802337113129723,-7.392470802759614
9003003003.003002,0.987234731791826,-0.11159148355454854,-13.683634866042432,0.02893401461998145,-30.771826068594912,-5.788197944382587,0.02893401461998145,-30.771826068594912,-5.788197944382587,0.9876520908799015,-0.10792025035696083,-7.395630471586127
9009009009.00901,0.9872473857480758,-0.11148015221708434,-13.686979171097743,0.028944829194404192,-30.768580177874874,-5.791335626340161,0.028944829194404192,-30.768580177874874,-5.791335626340161,0.9876637339564086,-0.10781785612073978,-7.3987851753400875
9015015015.015015,0.9872599446221846,-0.11136965883697797,-13.690317876959849,0.028955232873901032,-30.76545875763166,-5.794468195591824,0.028955232873901032,-30.76545875763166,-5.794468195591824,0.987675292876351,-0.10771620318765594,-7.401934944574941
9021021021.02102,0.9872724070205735,-0.11126001564278754,-13.69365102218044,0.028965235491640727,-30.762458725446344,-5.797595684160316,0.028965235491640727,-30.762458725446344,-5.797595684160316,0.9876867659466209,-0.10761530642118267,-7.40507980947937
9027027027.027027,0.9872847715313333,-0.11115123502396693,-13.69697864481482,0.02897484668494521,-30.759577066948033,-5.800718123829639,0.02897484668494521,-30.759577066948033,-5.800718123829639,0.9876981514630904,-0.10751518078120634,-7.408219799883655
9033033033.033033,0.9872970367246157,-0.11104332952742489,-13.700300782430947,0.02898407589978358,-30.75681083394595,-5.8038355461462965,0.02898407589978358,-30.75681083394595,-5.8038355461462965,0.9877094477108467,-0.10741584132197002,-7.411354945265892
9039039039.03904,0.987309201153004,-0.11093631185426453,-13.703617472118253,0.028992932395149437,-30.75415714262283,-5.806947982420613,0.028992932395149437,-30.75415714262283,-5.806947982420613,0.9877206529644151,-0.10731730319011717,-7.41448527475807
9045045045.045044,0.9873212633518846,-0.11083019485652343,-13.706928750496282,0.02900142524732696,-30.751613171786616,-5.810055463728168,0.02900142524732696,-30.751613171786616,-5.810055463728168,0.9877317654879804,-0.10721958162275634,-7.417610817152023
9051051051.051052,0.9873332218397978,-0.11072499153408719,-13.710234653723106,0.02900956335404645,-30.74917616117893,-5.813158020911275,0.02900956335404645,-30.74917616117893,-5.813158020911275,0.9877427835355971,-0.10712269194561619,-7.420731600905244
9057057057.057056,0.9873450751187898,-0.11062071503159712,-13.713535217503575,0.02901735543853531,-30.746843409837453,-5.816255684580555,0.02901735543853531,-30.746843409837453,-5.816255684580555,0.987753705351401,-0.10702664957120117,-7.423847654146563
9063063063.063065,0.9873568216747459,-0.11051737863552706,-13.716830477097382,0.02902481005346467,-30.744612274510995,-5.819348485116581,0.02902481005346467,-30.744612274510995,-5.819348485116581,0.9877645291698088,-0.10693146999704034,-7.426959004681727
9069069069.069069,0.9873684599777194,-0.1104149957712955,-13.720120467326925,0.02903193558479752,-30.742480168124388,-5.822436452671567,0.02903193558479752,-30.742480168124388,-5.822436452671567,0.9877752532157168,-0.10683716880395726,-7.430065679998819
9075075075.075075,0.987379988482254,-0.11031358000043276,-13.723405222585015,0.029038740255538497,-30.74044455829224,-5.82551961717112,0.029038740255538497,-30.74044455829224,-5.82551961717112,0.9877858757046932,-0.10674376165438235,-7.433167707273604
9081081081.081081,0.9873914056276932,-0.11021314501786794,-13.726684776842422,0.029045232129389933,-30.73850296587914,-5.8285980083160505,0.029045232129389933,-30.73850296587914,-5.8285980083160505,0.987796394843165,-0.10665126429072823,-7.4362651133747235
9087087087.087088,0.9874027098384859,-0.11011370464925181,-13.729959163655213,0.029051419114316364,-30.73665296360479,-5.831671655584217,0.029051419114316364,-30.73665296360479,-5.831671655584217,0.9878068088286016,-0.10655969253378028,-7.4393579248688
9093093093.093094,0.9874138995244784,-0.11001527284838865,-13.733228416171979,0.029057308966019536,-30.734892174692572,-5.834740588232423,0.029057308966019536,-30.734892174692572,-5.834740588232423,0.9878171158496936,-0.10646906228114526,-7.442446168025417
9099099099.099098,0.9874249730812076,-0.10991786369467453,-13.736492567140871,0.029062909291327606,-30.733218271559643,-5.837804835298339,0.029062909291327606,-30.733218271559643,-5.837804835298339,0.9878273140865256,-0.1063793895057366,-7.445529868822007
9105105105.105106,0.9874359288901784,-0.10982149139065839,-13.739751648916496,0.029068227551499407,-30.731628974547526,-5.840864425602481,0.029068227551499407,-30.731628974547526,-5.840864425602481,0.987837401710748,-0.10629069025428357,-7.44860905294863
9111111111.11111,0.9874467653191407,-0.10972617025962217,-13.74300569346665,0.02907327106544764,-30.730122050691264,-5.843919387750184,0.02907327106544764,-30.730122050691264,-5.843919387750184,0.9878473768857432,-0.10620298064588005,-7.4516837458126375
9117117117.117117,0.9874574807223547,-0.10963191474325246,-13.746254732378933,0.029078047012882573,-30.72869531252604,-5.846969750133643,0.029078047012882573,-30.72869531252604,-5.846969750133643,0.987857237766786,-0.10611627687059144,-7.454753972543268
9123123123.123123,0.9874680734408532,-0.10953873939934988,-13.749498796867185,0.02908256243737801,-30.72734661692997,-5.850015540933944,0.02908256243737801,-30.72734661692997,-5.850015540933944,0.9878669825012045,-0.10603059518805318,-7.457819757996116
9129129129.12913,0.9874785418026952,-0.10944665889960335,-13.752737917777814,0.029086824249362882,-30.726073864001545,-5.853056788123129,0.029086824249362882,-30.726073864001545,-5.853056788123129,0.9878766092285338,-0.10594595192613535,-7.460881126757523
9135135135.135136,0.9874888841232169,-0.10935568802740142,-13.75597212559597,0.02909083922903958,-30.72487499597072,-5.856093519466294,0.02909083922903958,-30.72487499597072,-5.856093519466294,0.987886116080667,-0.10586236347963096,-7.463938103148877
9141141141.14114,0.9874990987052706,-0.1092658416757375,-13.7592014504516,0.029094614029231004,-30.723747996142468,-5.859125762523667,0.029094614029231004,-30.723747996142468,-5.859125762523667,0.9878955011820066,-0.10577984630894116,-7.466990711230814
9147147147.147148,0.9875091838394647,-0.10917713484511817,-13.76242592212537,0.02909815517815928,-30.722690887871458,-5.862153544652735,0.02909815517815928,-30.722690887871458,-5.862153544652735,0.9879047626496069,-0.10569841693884169,-7.470038974807347
9153153153.153152,0.9875191378043947,-0.10908958264154095,-13.765645570054442,0.029101469082156595,-30.72170173356716,-5.865176893010354,0.029101469082156595,-30.72170173356716,-5.865176893010354,0.9879138985933148,-0.10561809195725974,-7.473082917429889
9159159159.15916,0.9875289588668684,-0.10900320027452955,-13.768860423338182,0.02910456202831159,-30.720778633727797,-5.868195834554898,0.02910456202831159,-30.720778633727797,-5.868195834554898,0.9879229071159137,-0.10553888801402883,-7.476122562401223
9165165165.165165,0.9875386452821284,-0.10891800305519306,-13.77207051074368,0.029107440187051258,-30.71991972600284,-5.871210396048369,0.029107440187051258,-30.71991972600284,-5.871210396048369,0.9879317863132543,-0.10546082181975643,-7.479157932779351
9171171171.171171,0.9875481952940666,-0.10883400639435424,-13.77527586071121,0.029110109614662247,-30.719123184282306,-5.874220604058568,0.029110109614662247,-30.719123184282306,-5.874220604058568,0.9879405342743924,-0.10538391014463169,-7.482189051381315
9177177177.177177,0.987557607135437,-0.10875122580069177,-13.778476501359544,0.02911257625575095,-30.718387217812687,-5.877226484961219,0.02911257625575095,-30.718387217812687,-5.877226484961219,0.9879491490817163,-0.10530816981732616,-7.485215940786884
9183183183.183184,0.9875668790280617,-0.10866967687895174,-13.781672460491176,0.029114845945645847,-30.71771007033803,-5.880228064942123,0.029114845945645847,-30.71771007033803,-5.880228064942123,0.9879576288110772,-0.105233617723863,-7.4882386233422205
9189189189.18919,0.9875760091830327,-0.10858937532818294,-13.784863765597422,0.029116924412742842,-30.717090019265655,-5.883225369999314,0.029116924412742842,-30.717090019265655,-5.883225369999314,0.9879659715319136,-0.1051602708065491,-7.491257121163432
9195195195.195194,0.9875849958009097,-0.10851033694001783,-13.788050443863415,0.029118817280794775,-30.71652537485567,-5.886218425945181,0.029118817280794775,-30.71652537485567,-5.886218425945181,0.9879741753073752,-0.10508814606290287,-7.494271456140073
9201201201.201202,0.987593837071914,-0.1084325775969901,-13.79123252217303,0.029120530071147864,-30.716014479433213,-5.889207258408638,0.029120530071147864,-30.716014479433213,-5.889207258408638,0.9879822381944436,-0.10501726054461655,-7.497281649938576
9207207207.207207,0.9876025311761186,-0.10835611327087238,-13.794410027113644,0.029122068204924835,-30.715555706623142,-5.892191892837243,0.029122068204924835,-30.715555706623142,-5.892191892837243,0.9879901582440515,-0.10494763135653092,-7.500287724005597
9213213213.213213,0.9876110762836318,-0.10828096002109255,-13.79758298498087,0.029123437005157658,-30.715147460605937,-5.895172354499336,0.029123437005157658,-30.715147460605937,-5.895172354499336,0.9879979335011966,-0.10487927565565132,-7.503289699571321
9219219219.21922,0.9876194705547807,-0.1082071339931294,-13.800751421783147,0.029124641698870187,-30.71478817539451,-5.898148668486176,0.029124641698870187,-30.71478817539451,-5.898148668486176,0.988005562005061,-0.10481221065012826,-7.506287597652685
9225225225.225225,0.9876277121402883,-0.10813465141698468,-13.803915363246254,0.02912568741911267,-30.714476314130998,-5.901120859714051,0.02912568741911267,-30.714476314130998,-5.901120859714051,0.9880130417891192,-0.10474645359832521,-7.509281439056535
9231231231.231232,0.9876357991814471,-0.10806352860567264,-13.807074834817737,0.029126579206949037,-30.71421036840299,-5.9040889529263945,0.029126579206949037,-30.71421036840299,-5.9040889529263945,0.9880203708812493,-0.10468202180786944,-7.512271244382735
9237237237.237236,0.9876437298102918,-0.10799378195372265,-13.810229861671226,0.02912732201339827,-30.713988857578634,-5.907052972695891,0.02912732201339827,-30.713988857578634,-5.907052972695891,0.988027547303843,-0.10461893263470523,-7.5152570340272025
9243243243.243244,0.987651502149765,-0.1079254279357488,-13.813380468710708,0.02912792070133123,-30.713810328159777,-5.910012943426577,0.02912792070133123,-30.713810328159777,-5.910012943426577,0.9880345690739111,-0.1045572034821955,-7.518238828184897
9249249249.249249,0.9876591143138834,-0.10785848310500847,-13.816526680574661,0.02912838004732385,-30.713673353152906,-5.912968889355908,0.02912838004732385,-30.713673353152906,-5.912968889355908,0.988041434203189,-0.10449685180021501,-7.521216646852732
9255255255.255257,0.9876665644078948,-0.1077929640920443,-13.819668521640144,0.029128704743468257,-30.713576531456923,-5.915920834556859,0.029128704743468257,-30.713576531456923,-5.915920834556859,0.9880481406982392,-0.10443789508428042,-7.524190509832459
9261261261.261261,0.987673850528442,-0.10772888760326832,-13.8228060160268,0.029128899399142094,-30.713518487267663,-5.918868802939959,0.029128899399142094,-30.713518487267663,-5.918868802939959,0.9880546865605543,-0.10438035087466677,-7.52716043673346
9267267267.267267,0.9876809707637126,-0.10766627041967053,-13.825939187600763,0.029128968542738165,-30.713497869498223,-5.921812818255369,0.029128968542738165,-30.713497869498223,-5.921812818255369,0.9880610697866543,-0.10432423675558063,-7.530126446975525
9273273273.273273,0.9876879231935942,-0.10760512939547726,-13.829068059978516,0.02912891662335483,-30.713513351214814,-5.924752904094905,0.02912891662335483,-30.713513351214814,-5.924752904094905,0.9880672883681868,-0.10426957035430784,-7.533088559791545
9279279279.27928,0.987694705889821,-0.10754548145688836,-13.832192656530635,0.029128748012447768,-30.713563629087766,-5.927689083894069,0.029128748012447768,-30.713563629087766,-5.927689083894069,0.9880733402920246,-0.1042163693403807,-7.5360467942301685
9285285285.285286,0.9877013169161238,-0.10748734360078449,-13.835313000385504,0.029128467005445267,-30.713647422856848,-5.930621380934057,0.029128467005445267,-30.713647422856848,-5.930621380934057,0.9880792235403597,-0.10416465142478343,-7.539001169158409
9291291291.29129,0.9877077543283704,-0.10743073289352109,-13.838429114432925,0.029128077823326923,-30.713763474810808,-5.933549818343777,0.029128077823326923,-30.713763474810808,-5.933549818343777,0.9880849360907968,-0.10411443435915443,-7.541951703264198
9297297297.297298,0.987714016174711,-0.10737566646967484,-13.841541021327672,0.02912758461416704,-30.713910549280552,-5.936474419101817,0.02912758461416704,-30.713910549280552,-5.936474419101817,0.988090475916448,-0.10406573593498793,-7.5448984150588885
9303303303.303303,0.9877201004957118,-0.10732216153089738,-13.844648743492966,0.02912699145464356,-30.71408743214561,-5.939395206038417,0.02912699145464356,-30.71408743214561,-5.939395206038417,0.9880958409860227,-0.10401857398287127,-7.547841322879718
9309309309.309309,0.9877260053244972,-0.10727023534469521,-13.847752303123908,0.029126302351513887,-30.714292930353274,-5.9423122018374475,0.029126302351513887,-30.714292930353274,-5.9423122018374475,0.9881010292639171,-0.10397296637172579,-7.550780444892222
9315315315.315315,0.9877317286868789,-0.10721990524332146,-13.85085172219081,0.02912552124305745,-30.714525871450384,-5.9452254290383255,0.02912552124305745,-30.714525871450384,-5.9452254290383255,0.9881060387103048,-0.10392893100804691,-7.5537157990926005
9321321321.321321,0.9877372686014925,-0.10717118862260581,-13.853947022442494,0.029124652000486962,-30.714785103127,-5.94813491003797,0.029124652000486962,-30.714785103127,-5.94813491003797,0.9881108672812227,-0.10388648583517625,-7.556647403310045
9327327327.327328,0.9877426230799237,-0.10712410294087477,-13.857038225409504,0.02912369842932816,-30.715069492771924,-5.951040667092692,0.02912369842932816,-30.715069492771924,-5.951040667092692,0.9881155129286592,-0.10384564883255842,-7.559575275209018
9333333333.333332,0.9877477901268374,-0.10707866571784616,-13.860125352407277,0.029122664270769767,-30.71537792703944,-5.9539427223201145,0.029122664270769767,-30.71537792703944,-5.9539427223201145,0.9881199736006371,-0.10380643801504622,-7.562499432291491
9339339339.33934,0.9877527677401032,-0.10703489453356019,-13.86320842453925,0.02912155320298329,-30.71570931142723,-5.9568410977010435,0.02912155320298329,-30.71570931142723,-5.9568410977010435,0.988124247241301,-0.10376887143216335,-7.565419891899156
9345345345.345345,0.9877575539109182,-0.10699280702732696,-13.86628746269988,0.029120368842414868,-30.716062569864768,-5.959735815081341,0.029120368842414868,-30.716062569864768,-5.959735815081341,0.9881283317909971,-0.10373296716743695,-7.568336671215558
9351351351.351353,0.9877621466239299,-0.10695242089668196,-13.86936248757766,0.02911911474504825,-30.716436644312285,-5.96262689617378,0.02911911474504825,-30.716436644312285,-5.96262689617378,0.9881322251863585,-0.1036987433376828,-7.571249787268243
9357357357.357357,0.9877665438573544,-0.10691375389637764,-13.87243351965803,0.029117794407640958,-30.716830494369702,-5.965514362559875,0.029117794407640958,-30.716830494369702,-5.965514362559875,0.9881359253603832,-0.10366621809234944,-7.574159256930817
9363363363.363363,0.9877707435830958,-0.10687682383736852,-13.87550057922626,0.029116411268933697,-30.71724309689525,-5.968398235691723,0.029116411268933697,-30.71724309689525,-5.968398235691723,0.9881394302425182,-0.10363540961282006,-7.5770650969250015
9369369369.36937,0.9877747437668604,-0.10684164858584078,-13.878563686370274,0.029114968710833328,-30.717673445633793,-5.97127853689379,0.029114968710833328,-30.717673445633793,-5.97127853689379,0.9881427377587346,-0.10360633611178105,-7.5799673238226335
9375375375.375376,0.9877785423682733,-0.10680824606221997,-13.881622860983416,0.02911347005957113,-30.718120550854096,-5.974155287364717,0.02911347005957113,-30.718120550854096,-5.974155287364717,0.9881458458316087,-0.10357901583255119,-7.582865954047637
9381381381.381382,0.9877821373409891,-0.106776634240238,-13.884678122767166,0.029111918586835588,-30.718583438995296,-5.977028508179088,0.029111918586835588,-30.718583438995296,-5.977028508179088,0.9881487523803995,-0.10355346704843059,-7.585761003877957
9387387387.387386,0.9877855266328041,-0.10674683114597502,-13.88772949123382,0.029110317510881722,-30.719061152321782,-5.9798982202892,0.029110317510881722,-30.719061152321782,-5.9798982202892,0.988151455321123,-0.10352970806208658,-7.588652489447461
9393393393.393394,0.9877887081857647,-0.10671885485694801,-13.890776985709099,0.02910866999761614,-30.719552748586793,-5.982764444526804,0.02910866999761614,-30.719552748586793,-5.982764444526804,0.9881539525666321,-0.10350775720489196,-7.591540426747805
9399399399.399399,0.9877916799362771,-0.10669272350118218,-13.893820625334726,0.029106979161659833,-30.720057300703925,-5.985627201604836,0.029106979161659833,-30.720057300703925,-5.985627201604836,0.9881562420266871,-0.10348763283633611,-7.594424831630267
9405405405.405407,0.9877944398152126,-0.10666845525632207,-13.896860429070948,0.029105248067387905,-30.72057389642682,-5.988486512119135,0.029105248067387905,-30.72057389642682,-5.988486512119135,0.9881583216080324,-0.10346935334339356,-7.597305719807547
9411411411.411411,0.9877969857480111,-0.10664606834875878,-13.899896415699018,0.029103479729947913,-30.721101638036462,-5.991342396550137,0.029103479729947913,-30.721101638036462,-5.991342396550137,0.9881601892144715,-0.10345293713990397,-7.600183106855532
9417417417.417418,0.9877993156547885,-0.10662558105272457,-13.902928603823627,0.029101677116256407,-30.721639642036035,-5.994194875264572,0.029101677116256407,-30.721639642036035,-5.994194875264572,0.988161842746935,-0.1034384026660088,-7.603057008215047
9423423423.423424,0.9878014274504334,-0.10660701168948267,-13.905957011875298,0.029099843145975048,-30.72218703885305,-5.997043968517125,0.029099843145975048,-30.72218703885305,-5.997043968517125,0.9881632801035577,-0.10342576838751769,-7.605927439193552
9429429429.42943,0.9878033190447143,-0.10659037862642401,-13.908981658112731,0.029097980692466028,-30.72274297254864,-5.999889696452092,0.029097980692466028,-30.72274297254864,-5.999889696452092,0.9881644991797472,-0.10341505279534333,-7.60879441496682
9435435435.435436,0.9878049883423742,-0.10657570027627478,-13.912002560625103,0.029096092583728098,-30.723306600533583,-6.002732079105028,0.029096092583728098,-30.723306600533583,-6.002732079105028,0.9881654978682558,-0.10340627440491147,-7.611657950580592
9441441441.44144,0.9878064332432304,-0.1065629950962605,-13.915019737334337,0.029094181603312428,-30.72387709329131,-6.005571136404362,0.029094181603312428,-30.72387709329131,-6.005571136404362,0.9881662740592501,-0.10339945175558717,-7.6145180609521885
9447447447.447449,0.9878076516422731,-0.10655228158727958,-13.918033205997332,0.029092250491220717,-30.724453634107093,-6.008406888173023,0.029092250491220717,-30.724453634107093,-6.008406888173023,0.9881668256403792,-0.10339460341011893,-7.61737476087212
9453453453.453453,0.9878086414297587,-0.10654357829312819,-13.921042984208132,0.029090301944783497,-30.72503541880391,-6.0112393541300175,0.029090301944783497,-30.72503541880391,-6.0112393541300175,0.9881671504968462,-0.10339174795405212,-7.620228065005625
9459459459.45946,0.9878094004913061,-0.10653690379968941,-13.924049089400084,0.029088338619521713,-30.725621655484197,-6.014068553892036,0.029088338619521713,-30.725621655484197,-6.014068553892036,0.9881672465114746,-0.10339090399518885,-7.623077987894234
9465465465.465466,0.9878099267079896,-0.10653227673416502,-13.927051538847937,0.029086363129989686,-30.726211564277776,-6.016894506975002,0.029086363129989686,-30.726211564277776,-6.016894506975002,0.9881671115647753,-0.10339209016303741,-7.625924543957265
9471471471.471472,0.9878102179564332,-0.10652971576428923,-13.930050349669926,0.02908437805060146,-30.726804377095547,-6.019717232795635,0.02908437805060146,-30.726804377095547,-6.019717232795635,0.9881667435350157,-0.10339532510825453,-7.628767747493322
9477477477.477478,0.9878102721088989,-0.10652923959759288,-13.933045538829788,0.029082385916440384,-30.727399337388817,-6.022536750672991,0.029082385916440384,-30.727399337388817,-6.022536750672991,0.988166140298285,-0.10340062750210849,-7.631607612681741
9483483483.483482,0.9878100870333792,-0.1065308669806387,-13.936037123138771,0.029080389224051893,-30.727995699914246,-6.025353079829989,0.029080389224051893,-30.727995699914246,-6.025353079829989,0.9881652997285607,-0.10340801603594471,-7.634444153584042
9489489489.48949,0.9878096605936869,-0.10653461669827476,-13.9390251192576,0.029078390432220817,-30.72859273050408,-6.028166239394926,0.029078390432220817,-30.72859273050408,-6.028166239394926,0.9881642196977733,-0.10341750942065865,-7.637277384145337
9495495495.495495,0.9878089906495412,-0.10654050757292274,-13.9420095436984,0.029076391962732685,-30.729189705841648,-6.030976248402971,0.029076391962732685,-30.729189705841648,-6.030976248402971,0.9881628980758729,-0.10342912638615746,-7.640107318195708
9501501501.501503,0.9878080750566569,-0.1065485584638412,-13.944990412826598,0.029074396201119894,-30.729785913241983,-6.033783125797659,0.029074396201119894,-30.729785913241983,-6.033783125797659,0.9881613327308907,-0.1034428856808611,-7.642933969451592
9507507507.507507,0.9878069116668318,-0.1065587882664041,-13.947967742862783,0.02907240549739337,-30.730380650437237,-6.0365868904323605,0.02907240549739337,-30.730380650437237,-6.0365868904323605,0.9881595215290065,-0.10345880607116005,-7.6457573515171
9513513513.513514,0.9878054983280288,-0.1065712159114238,-13.950941549884536,0.02907042216675894,-30.730973225367116,-6.039387561071746,0.02907042216675894,-30.730973225367116,-6.039387561071746,0.9881574623346111,-0.10347690634091251,-7.648577477885363
9519519519.51952,0.9878038328844655,-0.10658586036441414,-13.95391184982824,0.029068448490319955,-30.73156295597396,-6.04218515639323,0.029068448490319955,-30.73156295597396,-6.04218515639323,0.9881551530103683,-0.10349720529094301,-7.6513943619398095
9525525525.525526,0.987801913176693,-0.10660274062494458,-13.956878658490833,0.029066486715766313,-30.732149170002195,-6.044979694988403,0.029066486715766313,-30.732149170002195,-6.044979694988403,0.9881525914172778,-0.10351972173853959,-7.654208016955452
9531531531.531532,0.9877997370416837,-0.10662187572591622,-13.959841991531565,0.029064539058049104,-30.732731204802562,-6.047771195364469,0.029064539058049104,-30.732731204802562,-6.047771195364469,0.988149775414739,-0.10354447451694353,-7.657018456100147
9537537537.537537,0.9877973023129094,-0.10664328473292584,-13.962801864473695,0.02906260770004298,-30.733308407140356,-6.050559675945634,0.02906260770004298,-30.733308407140356,-6.050559675945634,0.9881467028606121,-0.10357148247485537,-7.659825692435821
9543543543.543545,0.987794606820425,-0.1066669867435808,-13.96575829270618,0.02906069479319473,-30.733880133008125,-6.053345155074528,0.02906069479319473,-30.733880133008125,-6.053345155074528,0.9881433716112784,-0.10360076447595767,-7.662629738919693
9549549549.54955,0.9877916483909489,-0.10669300088683911,-13.968711291485318,0.02905880245815993,-30.7344457474423,-6.056127651013575,0.02905880245815993,-30.7344457474423,-6.056127651013575,0.988139779521704,-0.10363233939840329,-7.665430608405467
9555555555.555555,0.9877884248479428,-0.10672134632236327,-13.971660875936383,0.029056932785426464,-30.73500462434405,-6.058907181946371,0.029056932785426464,-30.73500462434405,-6.058907181946371,0.9881359244454961,-0.10366622613436854,-7.668228313644507
9561561561.561562,0.9877849340116915,-0.10675204223986719,-13.974607061055218,0.029055087835927102,-30.735556146303647,-6.061683765979056,0.029055087835927102,-30.735556146303647,-6.061683765979056,0.9881318042349688,-0.10370244358953064,-7.671022867287003
9567567567.567568,0.9877811736993793,-0.10678510785849765,-13.977549861709802,0.02905326964163898,-30.736099704429115,-6.064457421141653,0.02905326964163898,-30.736099704429115,-6.064457421141653,0.9881274167411983,-0.10374101068262653,-7.673814281883094
9573573573.573574,0.9877771417251698,-0.1068205624261851,-13.980489292641803,0.029051480206172663,-30.736634698178182,-6.067228165389419,0.029051480206172663,-30.736634698178182,-6.067228165389419,0.9881227598140851,-0.10378194634496049,-7.676602569884007
9579579579.579578,0.9877728359002829,-0.10685842521902023,-13.983425368468087,0.02904972150534913,-30.73716053519409,-6.0699960166041675,0.02904972150534913,-30.73716053519409,-6.0699960166041675,0.9881178313024134,-0.10382526951993572,-7.679387743643141
9585585585.585587,0.9877682540330696,-0.10689871554064796,-13.986358103682225,0.02904799548776656,-30.7376766311447,-6.072760992595597,0.02904799548776656,-30.7376766311447,-6.072760992595597,0.9881126290539082,-0.10387099916259886,-7.68216981541717
9591591591.59159,0.9877633939290902,-0.10694145272163721,-13.989287512655938,0.029046304075355415,-30.73818240956531,-6.075523111102584,0.029046304075355415,-30.73818240956531,-6.075523111102584,0.9881071509152951,-0.10391915423917238,-7.684948797367092
9597597597.597599,0.987758253391188,-0.10698665611888653,-13.992213609640581,0.02904464916392415,-30.738677301704453,-6.078282389794498,0.02904464916392415,-30.738677301704453,-6.078282389794498,0.9881013947323587,-0.10396975372659231,-7.687724701559295
9603603603.603603,0.9877528302195634,-0.10703434511502535,-13.99513640876852,0.029043032623693548,-30.739160746373273,-6.081038846272472,0.029043032623693548,-30.739160746373273,-6.081038846272472,0.9880953583500008,-0.10402281661204829,-7.690497539966583
9609609609.60961,0.9877471222118489,-0.10708453911781476,-13.998055924054565,0.029041456299821827,-30.739632189797867,-6.083792498070693,0.029041456299821827,-30.739632189797867,-6.083792498070693,0.9880890396122957,-0.10407836189255537,-7.693267324469199
9615615615.615616,0.9877411271631832,-0.10713725755954875,-14.000972169397325,0.029039922012919515,-30.740091085474823,-6.0865433626576655,0.029039922012919515,-30.740091085474823,-6.0865433626576655,0.9880824363625517,-0.10413640857446171,-7.69603406685582
9621621621.621622,0.9877348428662824,-0.1071925198964853,-14.00388515858057,0.029038431559554892,-30.740536894029727,-6.0892914574374615,0.029038431559554892,-30.740536894029727,-6.0892914574374615,0.9880755464433638,-0.1041969756730457,-7.698797778824551
9627627627.627628,0.9877282671115125,-0.10725034560826929,-14.00679490527456,0.029036986712750075,-30.740969083078603,-6.092036799750978,0.029036986712750075,-30.740969083078603,-6.092036799750978,0.9880683676966752,-0.10426008221202938,-7.701558471983889
9633633633.633633,0.9877213976869624,-0.10731075419734398,-14.009701423037349,0.029035589222467902,-30.74138712709226,-6.09477940687717,0.029035589222467902,-30.74138712709226,-6.09477940687717,0.9880608979638275,-0.10432574722318913,-7.7043161578536825
9639639639.63964,0.987714232378515,-0.1073737651883886,-14.012604725316084,0.029034240816089855,-30.74179050726338,-6.097519296034285,0.029034240816089855,-30.74179050726338,-6.097519296034285,0.9880531350856251,-0.10439398974584942,-7.707070847866077
9645645645.645645,0.9877067689699173,-0.10743939812775641,-14.015504825448264,0.029032943198885344,-30.74217871137639,-6.100256484381072,0.029032943198885344,-30.74217871137639,-6.100256484381072,0.9880450769023836,-0.10446482882651287,-7.709822553366426
9651651651.651651,0.9876990052428485,-0.10750767258293945,-14.018401736662994,0.029031698054472182,-30.74255123367996,-6.102990989018008,0.029031698054472182,-30.74255123367996,-6.102990989018008,0.9880367212539896,-0.10453828351839209,-7.712571285614229
9657657657.657658,0.9876909389769958,-0.10757860814195984,-14.021295472082205,0.02903050704526898,-30.7429075747621,-6.105722826988487,0.02903050704526898,-30.7429075747621,-6.105722826988487,0.9880280659799562,-0.10461437288097501,-7.715317055784
9663663663.663664,0.9876825679501168,-0.10765222441288155,-14.02418604472187,0.02902937181293915,-30.743247241427817,-6.108452015280021,0.02902937181293915,-30.743247241427817,-6.108452015280021,0.9880191089194771,-0.10469311597961325,-7.718059874966176
9669669669.66967,0.9876738899381129,-0.10772854102322599,-14.027073467493183,0.029028293978827325,-30.743569746579094,-6.111178570825419,0.029028293978827325,-30.743569746579094,-6.111178570825419,0.9880098479114808,-0.10477453188509905,-7.720799754167977
9675675675.675674,0.9876649027150965,-0.1078075776194428,-14.02995775320374,0.029027275144387053,-30.743874609097617,-6.113902510503976,0.029027275144387053,-30.743874609097617,-6.113902510503976,0.9880002807946884,-0.10485863967321932,-7.723536704314263
9681681681.681683,0.9876556040534588,-0.10788935386637732,-14.032838914558688,0.029026316891602053,-30.74416135372942,-6.1166238511426325,0.029026316891602053,-30.74416135372942,-6.1166238511426325,0.9879904054076655,-0.10494545842435393,-7.726270736248388
9687687687.687687,0.9876459917239365,-0.10797388944674033,-14.03571696416185,0.02902542078339907,-30.744429510972154,-6.119342609517134,0.02902542078339907,-30.744429510972154,-6.119342609517134,0.9879802195888767,-0.10503500722305978,-7.729001860733019
9693693693.693695,0.9876360634956809,-0.10806120406057258,-14.038591914516857,0.029024588364053888,-30.74467861696444,-6.122058802353198,0.029024588364053888,-30.74467861696444,-6.122058802353198,0.9879697211767421,-0.10512730515763381,-7.731730088450972
9699699699.6997,0.9876258171363226,-0.10815131742473123,-14.041463778028223,0.02902382115958985,-30.744908213377485,-6.12477244632764,0.02902382115958985,-30.744908213377485,-6.12477244632764,0.987958908009688,-0.1052223713197243,-7.734455430005999
9705705705.705706,0.9876152504120381,-0.10824424927237192,-14.044332567002453,0.029023120678169926,-30.745117847308737,-6.127483558069535,0.029023120678169926,-30.745117847308737,-6.127483558069535,0.987947777926203,-0.10532022480390146,-7.737177895923609
9711711711.711712,0.9876043610876182,-0.1083400193524127,-14.047198293649087,0.029022488410481332,-30.745307071177734,-6.130192154161329,0.029022488410481332,-30.745307071177734,-6.130192154161329,0.987936328764891,-0.105420884707252,-7.739897496651826
9717717717.717718,0.9875931469265306,-0.10843864742904447,-14.050060970081763,0.029021925830114058,-30.745475442623867,-6.132898251139977,0.029021925830114058,-30.745475442623867,-6.132898251139977,0.9879245583645232,-0.10552437012898169,-7.74261424256198
9723723723.723724,0.9875816056909861,-0.10854015328121733,-14.052920608319232,0.02902143439393237,-30.745622524406244,-6.135601865498058,0.02902143439393237,-30.745622524406244,-6.135601865498058,0.9879124645640932,-0.10563070016999418,-7.7453281439494575
9729729729.729729,0.9875697351420037,-0.10864455670213344,-14.055777220286394,0.02902101554244021,-30.74574788430541,-6.138303013684878,0.02902101554244021,-30.74574788430541,-6.138303013684878,0.9879000452028687,-0.10573989393249925,-7.748039211034454
9735735735.735737,0.9875575330394758,-0.10875187749874117,-14.058630817815285,0.029020670700140236,-30.745851095027014,-6.141001712107587,0.029020670700140236,-30.745851095027014,-6.141001712107587,0.9878872981204445,-0.1058519705196069,-7.750747453962716
9741741741.741741,0.9875449971422298,-0.10886213549125626,-14.061481412646062,0.029020401275886898,-30.745931734107263,-6.143697977132267,0.029020401275886898,-30.745931734107263,-6.143697977132267,0.9878742211567952,-0.10596694903493073,-7.753452882806261
9747747747.747747,0.9875321252080953,-0.10897535051264125,-14.064329016427983,0.029020208663233505,-30.745989383820177,-6.146391825085032,0.029020208663233505,-30.745989383820177,-6.146391825085032,0.9878608121523273,-0.1060848485821905,-7.756155507564102
9753753753.753754,0.9875189149939644,-0.10909154240814423,-14.067173640720355,0.029020094240773196,-30.74602363108674,-6.149083272253108,0.029020094240773196,-30.74602363108674,-6.149083272253108,0.987847068947932,-0.10620568826481327,-7.758855338162952
9759759759.75976,0.9875053642558578,-0.10921073103478213,-14.070015296993477,0.029020059372474528,-30.746034067385587,-6.151772334885918,0.029020059372474528,-30.746034067385587,-6.151772334885918,0.9878329893850376,-0.10632948718553298,-7.761552384457916
9765765765.765766,0.9874914707489847,-0.1093329362608852,-14.072853996629561,0.02902010540801138,-30.746020288665484,-6.154459029196151,0.02902010540801138,-30.746020288665484,-6.154459029196151,0.9878185713056588,-0.10645626444602928,-7.764246656233182
9771771771.771772,0.9874772322278088,-0.10945817796558531,-14.075689750923662,0.029020233683087406,-30.745981895259412,-6.157143371360839,0.029020233683087406,-30.745981895259412,-6.157143371360839,0.987803812552452,-0.10658603914649764,-7.766938163202702
9777777777.777779,0.9874626464461072,-0.10958647603836805,-14.078522571084557,0.029020445519754887,-30.74591849180031,-6.15982537752241,0.029020445519754887,-30.74591849180031,-6.15982537752241,0.9877887109687644,-0.10671883038528904,-7.769626915010846
9783783783.783783,0.9874477111570336,-0.10971785037858442,-14.081352468235643,0.029020742226728975,-30.745829687138247,-6.162505063789758,0.029020742226728975,-30.745829687138247,-6.162505063789758,0.9877732643986863,-0.10685465725851384,-7.772312921233074
9789789789.789791,0.9874324241131827,-0.10985232089495896,-14.084179453415809,0.0290211250996962,-30.74571509425928,-6.165182446239288,0.0290211250996962,-30.74571509425928,-6.165182446239288,0.9877574706871027,-0.10699353885965193,-7.774996191376575
9795795795.795795,0.9874167830666456,-0.10998990750517071,-14.087003537580287,0.029021595421618154,-30.74557433020577,-6.167857540915965,0.029021595421618154,-30.74557433020577,-6.167857540915965,0.9877413276797434,-0.10713549427918287,-7.777676734880904
9801801801.801802,0.9874007857690774,-0.1101306301353319,-14.089824731601514,0.02902215446303071,-30.745407015998047,-6.1705303638343665,0.02902215446303071,-30.745407015998047,-6.1705303638343665,0.9877248332232348,-0.10728054260419367,-7.780354561118626
9807807807.807808,0.9873844299717536,-0.11027450871956306,-14.092643046269949,0.029022803482337867,-30.74521277655763,-6.173200930979709,0.029022803482337867,-30.74521277655763,-6.173200930979709,0.9877079851651502,-0.10742870291800384,-7.783029679395919
9813813813.813814,0.9873677134256326,-0.11042156319951452,-14.09545849229491,0.02902354372610115,-30.744991240631848,-6.175869258308889,0.02902354372610115,-30.744991240631848,-6.175869258308889,0.9876907813540601,-0.10757999429979442,-7.7857020989531955
9819819819.81982,0.9873506338814159,-0.11057181352391215,-14.098271080305375,0.02902437642932479,-30.74474204071968,-6.178535361751519,0.02902437642932479,-30.74474204071968,-6.178535361751519,0.9876732196395854,-0.10773443582420132,-7.788371828965707
9825825825.825825,0.9873331890896088,-0.11072527964809548,-14.101080820850786,0.029025302815735933,-30.744464812999052,-6.181199257210941,0.029025302815735933,-30.744464812999052,-6.181199257210941,0.9876552978724427,-0.10789204656099313,-7.791038878544139
9831831831.831833,0.9873153768005786,-0.11088198153357962,-14.103887724401833,0.029026324098060653,-30.74415919725547,-6.183860960565264,0.029026324098060653,-30.74415919725547,-6.183860960565264,0.9876370139044998,-0.10805284557464354,-7.793703256735196
9837837837.837837,0.9872971947646155,-0.11104193914759361,-14.106691801351221,0.029027441478295838,-30.743824836811786,-6.186520487668362,0.029027441478295838,-30.743824836811786,-6.186520487668362,0.9876183655888219,-0.10821685192399999,-7.796364972522174
9843843843.843845,0.9872786407319926,-0.11120517246262943,-14.109493062014458,0.02902865614797679,-30.74346137845932,-6.18917785435092,0.02902865614797679,-30.74346137845932,-6.18917785435092,0.987599350779725,-0.10838408466188033,-7.799024034825554
9849849849.84985,0.9872597124530222,-0.11137170145601619,-14.112291516630577,0.029029969288440732,-30.743068472390142,-6.191833076421406,0.029029969288440732,-30.743068472390142,-6.191833076421406,0.9875799673328224,-0.10855456283473619,-7.801680452503534
9855855855.855856,0.9872404076781196,-0.11154154610944293,-14.115087175362904,0.02903138207108624,-30.742645772130622,-6.194486169667115,0.02903138207108624,-30.742645772130622,-6.194486169667115,0.9875602131050761,-0.10872830548226493,-7.804334234352614
9861861861.861862,0.9872207241578567,-0.11171472640855488,-14.117880048299774,0.029032895657629277,-30.74219293447595,-6.197137149855155,0.029032895657629277,-30.74219293447595,-6.197137149855155,0.9875400859548472,-0.10890533163704445,-7.80698538910812
9867867867.867868,0.9872006596430243,-0.111891262342486,-14.120670145455257,0.029034511200354583,-30.74170961942606,-6.1997860327334475,0.029034511200354583,-30.74170961942606,-6.1997860327334475,0.9875195837419433,-0.10908566032418084,-7.80963392544476
9873873873.873875,0.987180211884689,-0.11207117390343554,-14.123457476769872,0.029036229842363936,-30.741195490122493,-6.202432834031736,0.029036229842363936,-30.741195490122493,-6.202432834031736,0.9874987043276701,-0.10926931056092722,-7.812279851977151
9879879879.879879,0.9871593786342504,-0.11225448108623953,-14.126242052111277,0.029038052717820787,-30.740650212786317,-6.205077569462575,0.029038052717820787,-30.740650212786317,-6.205077569462575,0.9874774455748779,-0.1094563013563468,-7.8149231772603445
9885885885.885887,0.9871381576435009,-0.11244120388792564,-14.129023881274978,0.029039980952190937,-30.740073456657253,-6.20772025472233,0.029039980952190937,-30.740073456657253,-6.20772025472233,0.9874558053480142,-0.10964665171092242,-7.817563909790352
9891891891.891891,0.987116546664683,-0.11263136230728348,-14.13180297398499,0.02904201566248001,-30.739464893933736,-6.2103609054921565,0.02904201566248001,-30.739464893933736,-6.2103609054921565,0.9874337815131697,-0.1098403806162212,-7.820202058004643
9897897897.897898,0.9870945434505454,-0.11282497634445168,-14.134579339894522,0.029044157957467537,-30.738824199714006,-6.212999537439002,0.029044157957467537,-30.738824199714006,-6.212999537439002,0.987411371938128,-0.11003750705453122,-7.822837630282667
9903903903.903904,0.9870721457544016,-0.11302206600048101,-14.137352988586635,0.029046408937937696,-30.738151051938182,-6.215636166216586,0.029046408937937696,-30.738151051938182,-6.215636166216586,0.9873885744924159,-0.11023804999849046,-7.825470634946342
9909909909.90991,0.9870493513301876,-0.11322265127690663,-14.140123929574887,0.029048769696906555,-30.737445131331388,-6.218270807466386,0.029048769696906555,-30.737445131331388,-6.218270807466386,0.9873653870473494,-0.11044202841075627,-7.828101080260542
9915915915.915916,0.987026157932517,-0.1134267521753394,-14.142892172303995,0.029051241319846623,-30.736706121347687,-6.220903476818612,0.029051241319846623,-30.736706121347687,-6.220903476818612,0.9873418074760847,-0.1106494612436302,-7.830728974433597
9921921921.92192,0.9870025633167411,-0.11363438869702333,-14.145657726150446,0.0290538248849077,-30.735933708115112,-6.223534189893206,0.0290538248849077,-30.735933708115112,-6.223534189893206,0.987317833653664,-0.110860367438725,-7.833354325617757
9927927927.927929,0.986978565239001,-0.11384558084245092,-14.14842060042315,0.029056521463135386,-30.735127580381416,-6.226162962300802,0.029056521463135386,-30.735127580381416,-6.226162962300802,0.9872934634570679,-0.1110747659265812,-7.835977141909675
9933933933.933933,0.9869541614562879,-0.11406034861091757,-14.151180804364024,0.029059332118685853,-30.734287429460924,-6.228789809643711,0.029059332118685853,-30.734287429460924,-6.228789809643711,0.9872686947652588,-0.11129267562635811,-7.838597431350865
9939939939.939941,0.986929349726498,-0.11427871200011916,-14.153938347148637,0.02906225790903844,-30.733412949182046,-6.231414747516905,0.02906225790903844,-30.733412949182046,-6.231414747516905,0.9872435254592322,-0.11151411544545489,-7.841215201928173
9945945945.945946,0.9869041278084889,-0.11450069100573737,-14.156693237886781,0.029065299885204975,-30.73250383583578,-6.234037791508976,0.029065299885204975,-30.73250383583578,-6.234037791508976,0.9872179534220636,-0.11173910427917476,-7.8438304615742185
9951951951.951952,0.9868784934621343,-0.11472630562103807,-14.159445485623081,0.029068459091936442,-30.73155978812501,-6.236658957203126,0.029068459091936442,-30.73155978812501,-6.236658957203126,0.9871919765389567,-0.11196766101037492,-7.846443218167853
9957957957.957958,0.9868524444483824,-0.11495557583644264,-14.16219509933757,0.029071736567927095,-30.730580507114574,-6.23927826017813,0.029071736567927095,-30.730580507114574,-6.23927826017813,0.9871655926972918,-0.1121998045091156,-7.8490534795346
9963963963.963964,0.9868259785293094,-0.11518852163913795,-14.164942087946269,0.029075133346015573,-30.729565696182235,-6.241895716009315,0.029075133346015573,-30.729565696182235,-6.241895716009315,0.9871387997866714,-0.11243555363233203,-7.851661253447092
9969969969.96997,0.9867990934681748,-0.11542516301267466,-14.16768646030175,0.02907865045338414,-30.728515060970217,-6.244511340269528,0.02907865045338414,-30.728515060970217,-6.244511340269528,0.98711159569897,-0.1126749272234772,-7.854266547625498
9975975975.975975,0.9867717870294809,-0.1156655199365261,-14.170428225193708,0.029082288911754402,-30.72742830933783,-6.247125148530109,0.029082288911754402,-30.72742830933783,-6.247125148530109,0.9870839783283805,-0.1129179441121845,-7.8568693697379555
9981981981.981983,0.9867440569790211,-0.11590961238574404,-14.173167391349507,0.029086049737581627,-30.726305151314506,-6.2497371563618636,0.029086049737581627,-30.726305151314506,-6.2497371563618636,0.9870559455714613,-0.11316462311393052,-7.859469727400993
9987987987.987988,0.9867159010839418,-0.11615746033050449,-14.175903967434715,0.02908993394224588,-30.72514529905378,-6.252347379336027,0.02908993394224588,-30.72514529905378,-6.252347379336027,0.987027495327186,-0.11341498302967473,-7.862067628179929
9993993993.993994,0.986687317112792,-0.1164090837357496,-14.178637962053667,0.02909394253224127,-30.723948466787903,-6.2549558330252495,0.02909394253224127,-30.723948466787903,-6.2549558330252495,0.9869986254969865,-0.1136690426455589,-7.864663079589311
10000000000.0,0.9866583028355823,-0.11666450256075642,-14.181369383749978,0.029098076509362643,-30.72271437078318,-6.257562533004552,0.029098076509362643,-30.72271437078318,-6.257562533004552,0.9869693339848035,-0.11392682073253362,-7.86725608909329
